CC(C)CC[C@H]1CC(=O)C(=C1O)C(CC(C)C)O	149169863	ONQMRDMIFOUTID-PXYINDEMSA-N	C15H26O3
CCCCCC1CC(CCO1)(C)OC(=O)/C=C/C	87201532	KGJOEVRKDGHDMA-VMPITWQZSA-N	C15H26O3
CCCC1CCC2(CC1)C(O2)(CC)C(=O)OCC	79299008	NVFBOBAWSWLAFW-UHFFFAOYSA-N	C15H26O3
CC(C)(C)C(=O)[C@H]1CCCC1C(=O)OC(C)(C)C	124129245	VPSNRVRFAKVLMF-VUWPPUDQSA-N	C15H26O3
CCOC(=O)CC[C@@H]1C[C@@H](CCC1=O)C(C)(C)C	100969623	DGFMWHFQQQQHBK-VXGBXAGGSA-N	C15H26O3
C/C/1=C\[C@@H](C[C@]2([C@H](O2)[C@@H]([C@@H](CC1)C(C)C)O)C)O	101014201	SIRCULICGXIYIW-KHPGWKENSA-N	C15H26O3
C[C@H](CO)[C@@H]1CC[C@]2([C@@H](CCC(=C)[C@@H]2[C@H]1O)O)C	21601024	UQYJFDGQBNCHHB-QLKXBERHSA-N	C15H26O3
CC(=O)C1CCCCCCOC(=O)CCCCC1	20555627	TZZPOQNSPIONPV-UHFFFAOYSA-N	C15H26O3
CCOC(=C)C1(CCC(C1C)(C)C(=O)OCC)C	68376997	FQKWMXOTMNUWHP-UHFFFAOYSA-N	C15H26O3
CC12CC(C(C=C1CCCC2OC(C)(C)C)O)O	72760994	KDRXCWXFTDEYIW-UHFFFAOYSA-N	C15H26O3
CCCC(=O)[C@@H](CC)[C@H]1CC12OCC(CO2)(C)C	10848566	GUFOAVNLUZNUGZ-NWDGAFQWSA-N	C15H26O3
CCCCCCOC(C)OC(=O)C1CCC=CC1	70022920	GPRGHHGTYIDHPR-UHFFFAOYSA-N	C15H26O3
C1CCC2C(C1)C(CO2)CCCC3OCCCO3	102100027	HFSAESVZFDZJDE-UHFFFAOYSA-N	C15H26O3
CC1CCC(CC1)CC(=O)C2CCC(CC2O)O	140529570	OWJUUYLKHSAYTI-UHFFFAOYSA-N	C15H26O3
CC1=CC=C(C=C1)CCCCCO.CC(CO)O	19827253	IKALRTBTEVAIRI-UHFFFAOYSA-N	C15H26O3
CCC(=CCOCC1CCCCCC1)C(=O)OC	114247893	FUZRRYJUEAJRTC-UHFFFAOYSA-N	C15H26O3
C[C@@]1(CCC[C@@]2([C@@H]3[C@H]1[C@H]([C@]2(C[C@H]3O)C)O)C)CO	38352728	OLWYTMKUCGVHCZ-IKIFBEIWSA-N	C15H26O3
C[C@H]1C[C@@H](/C=C(/C[C@@H]([C@@H](CC1=O)C(C)C)O)\C)O	102066677	GXWMCJKALWREHJ-SZDLVHABSA-N	C15H26O3
C[C@H]1CC=C2C1(C[C@@H](C(C[C@@H]2C)O)C(C)(C)O)O	102509689	XTZDGTAWOQBECR-WWKOUENNSA-N	C15H26O3
CCCC(C)/C=C\C/C=C\COC(=O)OC(C)C	88928640	RZQSMXYQYNHKML-JLUCNAMBSA-N	C15H26O3
C[C@@H](C/C=C/C(C)(C)O)[C@H]1C[C@@H]([C@@](C=C1)(C)O)O	102165200	DVBWBGFPDSPPQL-IEYJTSRQSA-N	C15H26O3
CCCCC(C)(C)[C@]1(CC[C@@H]2CC(=O)C[C@H]2O1)O	89605231	SELILGREJFXOMI-UXIGCNINSA-N	C15H26O3
C[C@@]1(CCC[C@]2([C@@H]3[C@H]1[C@H]([C@@]2(C[C@H]3O)C)O)C)CO	98050240	OLWYTMKUCGVHCZ-SGASCXMQSA-N	C15H26O3
CC1=C[C@H]([C@@H](CC1)C(=O)OC)[C@H](CCO)C(C)C	45141061	UBTJTFQSKGAKNJ-MCIONIFRSA-N	C15H26O3
C[C@H](C/C=C/OC)[C@@H]1C[C@@H](C=CC1O)CCCO	148104568	JQBXQCCTYAQWNR-YWPAMWJRSA-N	C15H26O3
CC1=CC(C(CC1)C(=O)OC)[C@H](CCO)C(C)C	53475338	UBTJTFQSKGAKNJ-IYXRBSQSSA-N	C15H26O3
C/C=C(\C)/C(=O)OC(C)(C)C1CCC(CC1O)C	138542716	CJMVHWHJJWNCBH-IZZDOVSWSA-N	C15H26O3
CC(C)CCCOC(C)(C)O.C1=CC=C(C=C1)O	145114747	QHGURLOZFZICRK-UHFFFAOYSA-N	C15H26O3
CC(C)[C@@H]1C[C@@H]([C@@]([C@@H]2[C@H]1C=C(CC2)CO)(C)O)O	24777882	FITSCFHGUVVJJV-YTFOTSKYSA-N	C15H26O3
CCOCCCC(=O)C1CCOC2(C1)CCCC2	105119058	GCEGDKJOJFPTGS-UHFFFAOYSA-N	C15H26O3
CC(CC/C=C(\C)/CC/C=C(\C)/CO)OC(=O)C	11043303	RIEAXYSWBQKTOD-QHKWOANTSA-N	C15H26O3
CC1(CCCC1)C(C2CCOC3(C2)CCOC3)O	115823318	WBBDHAGXPQIKGU-UHFFFAOYSA-N	C15H26O3
CCCCCCCC[C@@H]1C(C(C(=C)O1)C)C(=O)O	89433028	VTBKXLGAXGNZGM-HRDQMINSSA-N	C15H26O3
CC(C)CCOC(C1=CC=CO1)OCCC(C)C	12260258	LGPCUWUTYMOOBS-UHFFFAOYSA-N	C15H26O3
CC1CCC(O1)C(C2CCCO2)C3CCC(O3)C	135085110	HRIOFWMEWCZSJH-UHFFFAOYSA-N	C15H26O3
CCC(C)C(=O)OCCCC(=O)C1CCCCC1	140703946	GLSFTPNCPXTJML-UHFFFAOYSA-N	C15H26O3
CCC1CCC(=O)C1CCCCCCC(=O)OC	21420536	JLYNVAQUMICRQZ-UHFFFAOYSA-N	C15H26O3
C[C@H]1[C@H](CC[C@]2([C@H]1C(=O)[C@@H](CC2)[C@H](C)CO)C)O	21593118	JZHQQDMVDQEGFF-IJPHXGJKSA-N	C15H26O3
C1CCC2CC(CCC2C1)[C@@H]3CC([C@H](O3)CO)O	91074737	FRKKXOKNKWYTLK-GPVNTSHMSA-N	C15H26O3
CC(C)C1/C=C\C(CCCC2(C(C1O)O2)C)(C)O	23267317	VYFZXKRCOZYXCC-TWGQIWQCSA-N	C15H26O3
CCCCC(=C)/C(=C(\C(=C(/C)\OC)\OC)/OC)/C	143506616	HRGZYLJDXZZJCR-GQJHWZHGSA-N	C15H26O3
C[C@]12CCC[C@@H]([C@@H]1CC[C@@H]2OC(C)(C)C)OC=O	16741379	ITFNMOFCINPNMW-ABHRYQDASA-N	C15H26O3
CCC(CC[C@@H]1CCC[C@@H](C1)OCC=C)C(=O)O	69494192	LADHJJZMQBKBTF-HPNRGHHYSA-N	C15H26O3
CC1=C[C@@H](C[C@]2([C@@H](O2)[C@@H]([C@@H](CC1)C(C)C)O)C)O	44583971	SIRCULICGXIYIW-RMEBNNNOSA-N	C15H26O3
CC(C)[C@@H]1CC[C@]2([C@@H]([C@H]1O)C(=C)C[C@H]([C@@H]2O)O)C	11994819	QZZPVQAAGDDIRD-RHTUOURWSA-N	C15H26O3
C1CCOC(C1)OCCCCCC#CCCCO	10037958	VLOWSVNAWJDUFC-UHFFFAOYSA-N	C15H26O3
CCOC(CC1CC2CCC1(C=C2)OC)OCC	12563983	KPBRKGSARDMUIS-UHFFFAOYSA-N	C15H26O3
CC(=O)OC1CCC(CC1O)CC2CCCCC2	23158076	LYJUHQRWFPKWCL-UHFFFAOYSA-N	C15H26O3
C[C@@]1(CC[C@@H]2[C@@H]1[C@H]3[C@H](C3(C)C)CC[C@@]2(CO)O)O	11821150	DPJNFIIBULGARZ-YTDSDZJUSA-N	C15H26O3
CCC1(C(=O)C(=C(O1)C)OC(C)(C)C)C(C)(C)C	21465733	FJJOAJVWRVYQFZ-UHFFFAOYSA-N	C15H26O3
CCCCOCCOC1CC(=O)C12CCCCC2	66366207	VSPIYTOSCXSCPO-UHFFFAOYSA-N	C15H26O3
CC[C@@H]1CCCC[C@H]1OC(=O)CC[C@@H]2CCCO2	97853074	IXZHSMKWHNVMBX-HZSPNIEDSA-N	C15H26O3
CCCCCCCCC(C(=O)C)C(=O)CC(=O)C	20081127	LNZHZLIXCYHSNP-UHFFFAOYSA-N	C15H26O3
C=CCCC(CC=C)(CC=C)C(CO)(CO)CO	22364526	HOVSVXAQHKIKMR-UHFFFAOYSA-N	C15H26O3
C1CC[C@H]2C[C@H](CO[C@@H]2CC1)OC3CCCCO3	59465414	NXMDZLZVGJZMAC-DWHDPIQZSA-N	C15H26O3
C1CCC(CC1)(OC2CCC2)OOC3CCCC3	141056431	QMCDVJIFGUNHRH-UHFFFAOYSA-N	C15H26O3
C=COC1CCC(CC1)OCC2CCCC(C2)O	68034145	LLTDNPNHPPQYGR-UHFFFAOYSA-N	C15H26O3
CC(C)(C(=O)C1CCOC2(C1)CCCCC2)OC	79922274	YCPBEHAXSDJEPZ-UHFFFAOYSA-N	C15H26O3
CC(C)C1=C[C@@H]2[C@H](CC[C@@]2(C)O)[C@@](CC1)(CO)O	15934382	IBEULDMGWROYNC-GBJTYRQASA-N	C15H26O3
CCCOC1(CCC(CC1)C2CCC(=O)CC2)O	153684941	XYKXKPANDROGAV-UHFFFAOYSA-N	C15H26O3
COC1CCC(CC1)C(=O)C2CCC(CC2)OC	44228690	WBKYIDYLQPSDNS-UHFFFAOYSA-N	C15H26O3
CC1=C(C2(C(C(C1(C)C)(C)OC)(OCO2)C)C)C	54414016	VWCHUMVBCMQKER-UHFFFAOYSA-N	C15H26O3
C[C@@H]1C[C@@H]([C@@H]2[C@@]3([C@H]1COC[C@]3(CC2(C)C)C)O)O	21629540	WKQSCNARGAVLGF-YRLDTQBMSA-N	C15H26O3
C[C@@H]1CC[C@H]([C@@H](C1)OC(=O)CCC(=O)C)C(C)C	15686904	DGNQIPGTNHTSGV-KWCYVHTRSA-N	C15H26O3
CC1CC2CC(C(C(C1)C2)(CCC(=O)O)OC)C	123940218	BBHGWIWAEKNHCC-UHFFFAOYSA-N	C15H26O3
CCCC(=O)C(CC)C(=O)C(CC)C(=O)CCC	88049537	AYUICRDFCDQVPJ-UHFFFAOYSA-N	C15H26O3
CC(C)CC(CO)O.C1=CC=C(C=C1)CCCO	143998643	ZLEUVVLIGPOMOH-UHFFFAOYSA-N	C15H26O3
CC(C)(CCOC1CC(=O)C12CCCCC2)OC	106668787	MRXSKGDZOZGMAB-UHFFFAOYSA-N	C15H26O3
CC1=C(C2(CCCC(C2C(C1O)O)(C)C)C)CO	45359517	SQUSSQHYJYXURV-UHFFFAOYSA-N	C15H26O3
C1CCCCCCOC(=O)/C=C\OCCCCC1	141428684	HKHUKPKVCFFCLT-KAMYIIQDSA-N	C15H26O3
CCCC(C1CCCC(C1)OC)OC(=O)C(=C)C	145843413	MSZXILLCLSEGMH-UHFFFAOYSA-N	C15H26O3
CC(C)(C12CC3CC(C1)CC(C3)(C2)OCOC)O	53950902	JEIMPOQPPGEWKW-UHFFFAOYSA-N	C15H26O3
CCC(=O)/C(=C\CC(C)CC(C)(C)C)/C(=O)OC	87779587	JXFJPISPFIZMEP-FMIVXFBMSA-N	C15H26O3
CCOC(=O)CCCOC1C=C(CC(C1C)C)C	148756283	OFRFDMAFAAINOY-UHFFFAOYSA-N	C15H26O3
CCCCC/C=C\C1C2CC(OC2CC1O)OC	68138744	FLDFCRGPRUDRJV-FPLPWBNLSA-N	C15H26O3
C[C@H]1C(=O)OCCCCCCCCC/C=C/CO1	69992838	UVWAASIVTQGFCL-PLWJUESGSA-N	C15H26O3
CCCC12COC(OC1)(OC2C)C3CCCCC3	19904418	GQPMHBKMCHMQBG-UHFFFAOYSA-N	C15H26O3
C1CCCCC(=O)OCCCOC/C=C/CCC1	70039279	ZLCJMJWRSFUEGU-VQHVLOKHSA-N	C15H26O3
CC(=CCC[C@](C)(C=C)OC(=O)OC(C)(C)C)C	56600210	WRXTUTWUCFCFHV-HNNXBMFYSA-N	C15H26O3
CC.C/C=C\C(=C/C=C)\C(CCC1OCCO1)O	143744108	TZORNBXAZUEQFM-BSQCVAITSA-N	C15H26O3
C[C@]12CC[C@](O1)(C[C@H]3[C@@H]2CC[C@@]3(C)O)C(C)(C)O	102519761	HLMKZPFNWBGPSS-ADNNSEGNSA-N	C15H26O3
CCC(C)(C)C(=O)C1CCOC2(C1)CCOCC2	113659313	NMJACIHABBTHMF-UHFFFAOYSA-N	C15H26O3
CC.CC.CC1=CC(=CC(=C1O)C)CCC(=O)O	144504832	KTLATFRSCGNNIH-UHFFFAOYSA-N	C15H26O3
CCCCC[C@H](C(=C=C)CCCC(=O)OCC)O	15174670	AVKPZDUTXIYFQU-CQSZACIVSA-N	C15H26O3
C[C@]12CCCC(C1CC[C@H]([C@@H]2C(=O)OC)O)(C)C	10515131	PNORERWVNDPBJT-QLFHFCRWSA-N	C15H26O3
CC1=C(C(C(CC1)(C)C)OC(=O)OCC(C)C)C	70517313	QKUGXCWOFCGCEG-UHFFFAOYSA-N	C15H26O3
CC1CCCC(C1)OCC2(CCOC2=O)C(C)C	70493244	ZCMPFAQKBLEOAK-UHFFFAOYSA-N	C15H26O3
CCCCC1(CC(C2C(C1C(C)C)O2)C)C(=O)O	18008321	COHXLINMTSCRCT-UHFFFAOYSA-N	C15H26O3
[H][C@@]1(C[C@]2(C[C@@H]3C[C@@]3([C@H]2O1)OC(C)C)OC(C)(C)C)[3H]	118081087	OUUIRCRRMOSIRY-XJSNABNGSA-N	C15H26O3
CC(C)(C=CCC(=C)C(CCC(C)(C=C)O)O)O	71410463	FCMJFKBUUKKQQA-UHFFFAOYSA-N	C15H26O3
C[C@]1(CC[C@]2(C[C@H]3[C@@H]1CC[C@]3(O2)C)C(C)(C)O)O	25001994	JVGWZOWLUZFMHN-ADNNSEGNSA-N	C15H26O3
CC(C)[C@H]1CC[C@]2(C[C@H]([C@H]([C@@H]2[C@H]1O)C(=O)C)O)C	124835938	NQHGSTTYLUUHTC-MBIARJLFSA-N	C15H26O3
C[C@@]12CCCC(=C)[C@]1(C[C@H]([C@@H](C2)O)C(C)(C)O)O	12135225	XGPONYNKAOFSGR-UXOAXIEHSA-N	C15H26O3
CCC[C@@H](C=CC=CCCCCCCC(=O)O)O	54347480	UDHREEMCFWZKQR-AWEZNQCLSA-N	C15H26O3
CCOC(=O)C1C(O1)C2CCC(CC2)C(C)(C)C	101654998	BZSMLXFLNANFRJ-UHFFFAOYSA-N	C15H26O3
CCCCCCCOC(=O)C1CC2C(O2)CC1C	154285654	DDVQMXJIGALMBE-UHFFFAOYSA-N	C15H26O3
C(CCCCC=O)CCC/C=C\CCCC(=O)O	153484886	GGTWFRXWBZBDKD-ALCCZGGFSA-N	C15H26O3
CC1=C2[C@H]([C@@H](CC[C@]2([C@H](C[C@@H]1O)O)C)C(C)C)O	90797435	OTHADBQYFUYGBF-YLXLXVFQSA-N	C15H26O3
C=C(CCCCCCCCCCC1CO1)C(=O)O	23065193	GNYWKLNAOMLRPM-UHFFFAOYSA-N	C15H26O3
C[C@@H]1CCC(C2[C@H]1CCC(OC2)C)C(C)C(=O)O	139320186	ODGVPEWCFKPPPP-WOLNPMHLSA-N	C15H26O3
CCC1CCC(CC1)CC(=O)CCC(=O)OCC	64776320	KSEKHNBBVKRZBA-UHFFFAOYSA-N	C15H26O3
CCC(=O)C(=CCC(C)CC(C)(C)C)C(=O)OC	86622666	JXFJPISPFIZMEP-UHFFFAOYSA-N	C15H26O3
CCCCC(C(=O)C1CCCC(C1)C)C(=O)OC	80046194	OIFRTHYMEMWBQB-UHFFFAOYSA-N	C15H26O3
CC1CC(CC2(C1C(=O)C(CC2)C(C)(C)O)C)O	45117804	DIDZMOYZGJUXCV-UHFFFAOYSA-N	C15H26O3
CCCCCOC1C=C(C(=O)CC(C1O)(C)C)C	67720453	JVYFLBCCCMFVEQ-UHFFFAOYSA-N	C15H26O3
C[C@]12C[C@@H]([C@H](C=C1CCC[C@@H]2OC(C)(C)C)O)O	11230562	KDRXCWXFTDEYIW-ABHRYQDASA-N	C15H26O3
CCOCCOCCOCC.CC1=CC=CC=C1	70153356	DGSAKMIGXBKPTK-UHFFFAOYSA-N	C15H26O3
C[C@@H]1CC(=O)C[C@H]2[C@]1(C[C@@H](CC2)C(C)(CO)O)C	101726996	YZFBYSJVMYWMBE-QAOGVCBXSA-N	C15H26O3
C[C@@H]1CC[C@@]2(O1)C(CCCC2(C)OC(=O)C)(C)C	90473700	LTAWGWRPOGXHBD-KTZGRWMLSA-N	C15H26O3
CC(=O)COCCCCC1CCC(CC1)C(=O)C	149546678	ZPNOANJCAPAPSK-UHFFFAOYSA-N	C15H26O3
CC(=O)OC1CCC(CC1)C2CCC(CC2)OC	145811753	OEOKQSCUXSIHOJ-UHFFFAOYSA-N	C15H26O3
CC1([C@H](CCC(=C)[C@H]1CCC2(OCCO2)C)O)C	11196116	WWIAOGXZYFHMPU-OLZOCXBDSA-N	C15H26O3
CCC1=C(C(=O)C(O1)(C)C(C)(C)C)OC(C)(C)C	21465720	QYUGLPLDWYYBID-UHFFFAOYSA-N	C15H26O3
CC1[C@H](CCCC(C2C1CCCC2)O)C(=O)OC	101529286	MHIIZBFSJKZDNC-ADWXRNOKSA-N	C15H26O3
CCOC(=O)C1C(O1)CCCCCCCCC=C	12060820	WFAZFZLSRMYQRK-UHFFFAOYSA-N	C15H26O3
C1CCC(CC1)C(=O)OCCOC2CCCCC2	140552153	MTJFGXLRKKWYAM-UHFFFAOYSA-N	C15H26O3
CCCCCCCCCCC1(COC(=O)O1)C=C	154719701	XNBQDSAOBBVEFY-UHFFFAOYSA-N	C15H26O3
COCCCCCCC/C=C\[C@@H]1C[C@@H]1C(=O)OC	70327532	WEBOIAVGONIDAM-CWCIKPCXSA-N	C15H26O3
CC1CCC(C(=O)C1(C(C)C)C(=O)OC)C(C)C	70167655	JTIRYXOTGUYZAQ-UHFFFAOYSA-N	C15H26O3
CCOC(=O)C1(CO1)CCCCCCC2CCC2	54441564	WOLRCKAQFRJEHW-UHFFFAOYSA-N	C15H26O3
CCC1CCCCC1CC(=O)CCC(=O)OCC	63900500	MRMBREBEWAHIIY-UHFFFAOYSA-N	C15H26O3
CC(C)[C@@H]1CCC(=C)[C@@H](CC[C@]2([C@H]([C@@H]1O)O2)C)O	15479891	BLDFJCQBBCUILK-QRTUWBSPSA-N	C15H26O3
C[C@@H]1C[C@H]2[C@@H](C(=O)C1)[C@@]([C@H](O2)CCC(C)C)(C)O	57332205	LRZYZWXDWPAICZ-MQFWEAQZSA-N	C15H26O3
CC(C)[C@@H]1CC[C@@]2(C([C@@H]1O)[C@@](CCC2=O)(C)O)C	44631216	TWXJOBQSLRCOQR-NSSPSXRGSA-N	C15H26O3
CCCCC[C@@H](C=C[C@@H]1CC[C@@H](C1)CC(=O)O)O	57055608	ZSYLNIQGXFLRDA-IHRRRGAJSA-N	C15H26O3
CCCCC(C)(C/C=C/C1[C@H](C(=O)C[C@H]1O)C)O	137413104	QXDDFRXSGRJVQI-BKVTZUBYSA-N	C15H26O3
C[C@]1(CC[C@@H]2[C@@]([C@H]1CO)(CC(=O)CC2(C)C)C)O	15098673	WNWZLODAMGFTNM-MYZSUADSSA-N	C15H26O3
CC1=CC[C@@H]([C@@H]([C@H]1CC=O)C(OC)OC)C(C)C	87926251	NEXZWNWSEPIUII-RDBSUJKOSA-N	C15H26O3
CCCCCC[C@H]1CCCC[C@H]2[C@H](O1)CC(=O)O2	101155131	MPEXIACBSLWSHB-MELADBBJSA-N	C15H26O3
CCCCC(C(=O)OC1C2CCC1CC2)OCC	67789585	KBGYVCGMVBKZFY-UHFFFAOYSA-N	C15H26O3
CC(C)C1C(C(=O)OC1=O)C(C)(C)CC(C)(C)C	123626392	LYBYRZVHEUPAPT-UHFFFAOYSA-N	C15H26O3
CC(C)[C@]1(CCCC(=O)C1C(=O)OC(C)(C)C)C	101374942	IJGISYBDUICARU-WPZCJLIBSA-N	C15H26O3
CC1CCC(CC1C)OC2(CCC2)CC(=O)OC	103272770	PLVKYWJDEDHPHA-UHFFFAOYSA-N	C15H26O3
CCCC(=O)OCC(=O)[C@@]1(CC[C@H](C1(C)C)C)C	7054289	ZISHAZSXGYJZLK-ABAIWWIYSA-N	C15H26O3
C[C@]12CCCC(=C)[C@@]1(C[C@@H](CC2)[C@](C)(CO)O)O	11196115	UJAAZUOEEYZOLC-APIJFGDWSA-N	C15H26O3
CCCCC[C@H]1[C@@H](CCC1=O)CC(=O)OCCC	76961282	IPDFPNNPBMREIF-STQMWFEESA-N	C15H26O3
CC1CCCC(C1)(CC2CCC(O2)(C)C)C(=O)O	116525017	XOHCIWGIRVXKGY-UHFFFAOYSA-N	C15H26O3
CC(CCC(CCCC=O)CC(C)CC=O)C=O	88719042	SRIZMUPKNWFGGL-UHFFFAOYSA-N	C15H26O3
COCCC1CCC2CC3(CCC2C1)OCCO3	153142599	VYXGVKUVIANBGS-UHFFFAOYSA-N	C15H26O3
CCOC(=O)C(=C(CC(C)C)CC(C)C)C(=O)C	140224454	NZIKEVWULGIWEZ-UHFFFAOYSA-N	C15H26O3
CC(C)OC(=O)COC1CC2CCC1(C2(C)C)C	80391388	ZJNKOYZJMNCISR-UHFFFAOYSA-N	C15H26O3
CCC1CC(CC(C1)(CCOC(=O)C(=C)C)O)C	68076400	VWIBLUQHPNWRPU-UHFFFAOYSA-N	C15H26O3
CC=C(C)C(=O)OC1CCCCC(CCCC1)O	57030065	OMUJJMNLXPVWSR-UHFFFAOYSA-N	C15H26O3
CCCCCC1CCC(CC1)C(=O)CCC(=O)O	20456723	ULMALVYUALFJOP-UHFFFAOYSA-N	C15H26O3
CC(C)C(=O)OCOC1C(C2CCC1(C2)C)(C)C	57579480	BMCFIIWIZQAORT-UHFFFAOYSA-N	C15H26O3
CC(C)CC1(CC(COC1=O)(C=O)C(C)(C)C)C	145284177	NJNBEOBXOHVJCH-UHFFFAOYSA-N	C15H26O3
CC(C)C1CCC2(C(C1C(C2=C)CO)CO)CO	535136	FEEAESAOPLNJIX-UHFFFAOYSA-N	C15H26O3
COC(=O)CC1CCCCCCCCC(=O)CC1	141547480	SJWVGUTWDBCXSQ-UHFFFAOYSA-N	C15H26O3
CC[C@](C)([C@@H]1OC[C@H]2[C@@H]3C[C@@H](C3(C)C)C[C@@H]2O1)O	101456548	DVWFDUMGXVPKBD-VXZZIDTMSA-N	C15H26O3
C1CCC(CC1)C2CCCC(C2)C(CO)C(=O)O	150461955	HPYSQXYAFLLPIA-UHFFFAOYSA-N	C15H26O3
CCCCCC(CC)OC(=O)C(=C)COCC=C	141275926	KQTFEHTWHXFQPM-UHFFFAOYSA-N	C15H26O3
C[C@H]1CCC2([C@H](CC[C@H](C2C1=O)C(C)(C)O)C)O	51056573	VPXCQYIVSHGBLO-WCMFXWLISA-N	C15H26O3
CC1C(C(CC(C1O)O)(C)C)/C=C/C(=C/CO)/C	148901538	PGWWLFOYLYETKU-WEYXYWBQSA-N	C15H26O3
CCOC1CCC(CC1)OC(=O)C2CCCCC2	147411356	LEPNBRYTBVYQCD-UHFFFAOYSA-N	C15H26O3
CC1=CC[C@@](C(=O)CC1)(C)CCCC(C)(CO)O	21729761	JESPXZBZBGKZDP-GICMACPYSA-N	C15H26O3
CCC(C)(C)C(=O)OC(C)(C)C1CC2CCC1O2	57628995	MAZKNSYFHZYAFC-UHFFFAOYSA-N	C15H26O3
C1CCC(CC1)C(=O)C2CCC(CC2)OCCO	139766433	IPBKRDBMJQIBMT-UHFFFAOYSA-N	C15H26O3
CCCCCCCCCCC(=CC=O)OC(=O)C	129775959	RWUGDHQATTVHCU-UHFFFAOYSA-N	C15H26O3
CC/C=C\C/C=C\CCCC(=O)CC(OC)OC	66556151	BJSJXANUQKSXEU-AFJQJTPPSA-N	C15H26O3
C1CCC2C[C@H](CCC2C1)C3CC([C@H](O3)CO)O	147554467	FRKKXOKNKWYTLK-LJCZPVBQSA-N	C15H26O3
CC1C(=O)OCCCCCCCC/C=C\CCO1	69992245	GCGXJFKZDUJQNC-VURMDHGXSA-N	C15H26O3
CCCCCC(=O)CC[C@@H]1CCC[C@@H]1OC(=O)C	149353434	YGLZCSBXPYOQQC-ZFWWWQNUSA-N	C15H26O3
CCOC(=O)C(CC(C)(C)C)C1CCCCC1=O	70912293	LJMZHGZRWXQEBZ-UHFFFAOYSA-N	C15H26O3
C=CCCCOC1(CCOCC1)OCCCC=C	102087993	BYUDIRZXJCTVTC-UHFFFAOYSA-N	C15H26O3
CC(C)CO[C@@H]1C[C@@H](C1(C)C)OC(=O)C2CCC2	97015975	XXUUIZIUURZPCJ-OLZOCXBDSA-N	C15H26O3
CC(C)[C@H]1CC[C@]2([C@@H]1[C@H]3[C@@](O3)(CC[C@@H]2O)CO)C	53360477	WAYKLJZCQJLECB-MNQBEEPXSA-N	C15H26O3
CCC(C)C1CCC(C(C1)(C)O)OC(=O)C(=C)C	60139124	VFOPPVVACKQHLS-UHFFFAOYSA-N	C15H26O3
CCOC([C@@H]1C=C(CC[C@H]1C(=C)C)CO)OCC	71605960	BBLOKGUVXZVNMW-UONOGXRCSA-N	C15H26O3
CCOC1CC2CC3(CC2C1)OCC(CO3)(C)C	123325095	IXRSBPQUWZQUMB-UHFFFAOYSA-N	C15H26O3
CCCCCC/C=C/[C@H]1[C@H](OC(O1)(C)C)[C@H]2CO2	11054217	ZVVSFKITTDTOHL-IBDAUPACSA-N	C15H26O3
C[C@@H]1CC[C@@H]2[C@@H]1[C@@H]([C@@]3(C[C@H](C2(O3)C)O)C(C)C)O	134957301	RQYWJVJADBZVLW-CFKIPOLCSA-N	C15H26O3
C1CC1C(CCC2CCOC3(C2)CCOCC3)O	79922633	HYBGJRFAPZUJFP-UHFFFAOYSA-N	C15H26O3
C1CC(CCC1CCCC2CO2)COCC3CO3	59294132	RGAOGKLYJYQIAZ-UHFFFAOYSA-N	C15H26O3
CC(COC(C)C1CCC(CC1)C(=O)O)C(=C)C	147813740	HNWQMOLSGZOHTI-UHFFFAOYSA-N	C15H26O3
CC(C1CCCCC1)(C2CCC(CC2)O)C(=O)O	148088353	IZYHPNSFGZKSQN-UHFFFAOYSA-N	C15H26O3
CCCCCC(CC)C(=C)C(=O)OCOCC=C	87094999	AAUIEWBADXOZAR-UHFFFAOYSA-N	C15H26O3
C[C@@]12CCCC(=C)[C@@]1([C@@H]([C@@H](CC2)C(C)(C)O)O)O	137661740	AOMWFHLGGQJQBA-UXOAXIEHSA-N	C15H26O3
CC(CC(C)C(=O)C(C)CC(C)C(=O)C)C(=O)C	150395094	HCNWJRNNOWBZPT-UHFFFAOYSA-N	C15H26O3
C[C@@H]1C[C@H](C[C@]1(C(=O)CO)OC)CCCC(=C)C	146507232	OJXYXIJQMQODJW-NFAWXSAZSA-N	C15H26O3
C=CCC(CC=C)(CC=C)CC(CO)(CO)CO	140329105	KXARBFWUXADIKF-UHFFFAOYSA-N	C15H26O3
C[C@]12CCC3(C([C@@H]1CCC[C@@H]2O)(C)C)OCCO3	68173905	IQKUOSPRXDECFT-OBJOEFQTSA-N	C15H26O3
C[C@H]1C[C@H]([C@@H]2[C@@H]3[C@H]1[C@]2([C@@H](C[C@H](C3(C)C)O)O)C)O	21671316	QJFJFFWIAUCPSW-QOFSOSKESA-N	C15H26O3
CCCCOC(=O)OC/C=C(\C)/CCC=C(C)C	88067528	RIXGIPSGLYSXHO-GXDHUFHOSA-N	C15H26O3
CCC(C)(C(=O)C1CCOC2(C1)CCC2)OCC	116746985	GCHAJJUGRGOOSG-UHFFFAOYSA-N	C15H26O3
CC(=C)C(=O)OCCCCC1CCCC(C1)OC	139896775	OVZWTDQCNGQEGH-UHFFFAOYSA-N	C15H26O3
CCC(C)C(=O)OCC(/C=C/C(C)(C)O)C(=C)C	6429164	PDMUAEHZDPIZMR-CMDGGOBGSA-N	C15H26O3
CC(C)CC(CC(=O)CCCC(=O)C)C1(CO1)C	91237131	BJXJKSIEPIIRBY-UHFFFAOYSA-N	C15H26O3
CC(CO)[C@@H]1CC[C@@]([C@H]2[C@H]1C=C(CC2)CO)(C)O	101960567	LZXFFWYWCBBKFD-RLQZQBMHSA-N	C15H26O3
C/C(=C\CCC(C)(C=C)O)/CCC(=O)C(C)(C)O	101930568	WWEQACPSSWTJIU-XYOKQWHBSA-N	C15H26O3
C[C@]12CC[C@@H](C[C@]1(CC[C@@H]2C=O)O)CCCCO	57103375	IHSZVAVPFZPGQW-YJNKXOJESA-N	C15H26O3
CC1CCC(C(C1)OC2CC(=O)C2OC)C(C)C	113439627	LGQDDIJVARTITP-UHFFFAOYSA-N	C15H26O3
C[C@H](CCC=C(C)C)[C@@H]1CC[C@@H](C1C(=O)OC)O	71121220	ICRLYYKHIOJDDV-PYXFJAETSA-N	C15H26O3
CCCCCC1CCC(CC1)OC(=O)C(=C)CO	132237832	KIHOHSIIAMHLKY-UHFFFAOYSA-N	C15H26O3
C/C(=C\CO)/CC/C=C(\C)/COC(=O)C(C)(C)C	13817154	RVLDJWXMKNSUQB-GHEQENTPSA-N	C15H26O3
C[C@@]1(CCC(=C[C@@H]2[C@@H]1CC[C@@]2(C)O)C(C)(C)O)O	16742798	CORLUEPXSCSWOJ-MYZSUADSSA-N	C15H26O3
C[C@@H]1C[C@H](CC([C@@]1(/C=C/C(=C\CO)/C)O)(C)C)O	88621659	JDKPJTIXGWNLIO-AAUHAJPESA-N	C15H26O3
CC(O)OC1C2(C1(C3CCCCC3C(C2)O)C)C	4868303	VKCOSQAARWOWML-UHFFFAOYSA-N	C15H26O3
CCOC(C)OCOC1CC2C3CCC(C3)C2C1	22986524	DBGWNAVIMWVXMG-UHFFFAOYSA-N	C15H26O3
CCCCCC[C@H]1[C@@H](O1)C(=C)C(=O)OC(C)(C)C	21603775	QIUCRQQKBXNTBW-STQMWFEESA-N	C15H26O3
C[C@](C1CCCCC1)(C(=O)O)C2(CCCCC2)O	92148793	FHOXQGCVIIROOT-AWEZNQCLSA-N	C15H26O3
C1CCCCC(=O)O/C=C/CCCOCCCC1	9834880	FUCBLOYWCJAPCO-GXDHUFHOSA-N	C15H26O3
CC(C)(C)OC(=O)/C=C/C(C)(C)C(C)(C)C1CO1	24795530	MIMMILVVSNKWNA-CMDGGOBGSA-N	C15H26O3
CCCCCC(CCC1CCCC1=O)OC(=O)C	20354860	DMRLZBKLPPFWRY-UHFFFAOYSA-N	C15H26O3
CCOC(=O)CCC1(CC(CCC1=C(C)C)C)O	66321280	SCGXQMHMNRRIFE-UHFFFAOYSA-N	C15H26O3
CC(C)CC(=O)CC1CCOC2(C1)CCOCC2	80434811	VHYMJKXTXPQHBY-UHFFFAOYSA-N	C15H26O3
CCCOC(=O)C(=CC1CCCCC1)COCC	140223831	NLAUOOSTEFSZCU-UHFFFAOYSA-N	C15H26O3
CCCC(=O)C(=O)OCCC(C)CCC=C(C)C	12965183	ITONWBLTESQENH-UHFFFAOYSA-N	C15H26O3
C(CCCCCC=O)CCCCCC(=O)CC=O	134211026	QLVGDNKFNSZIJI-UHFFFAOYSA-N	C15H26O3
CC(C1CCOC2(C1)CCCCC2)C(C)C(=O)O	81008842	XDWJYDOFDQVGGK-UHFFFAOYSA-N	C15H26O3
CC1(C2CCC(C1COC(=O)C(C)(C)C)(O2)C)C	14195605	TVTXRNPTVPAAIN-UHFFFAOYSA-N	C15H26O3
CCC1CC(C(O1)CC)C(=O)OC2(CCCC2)C	57628971	QYLQGAYUMVHICV-UHFFFAOYSA-N	C15H26O3
CCOC(=O)C1(C(O1)CC(C)CCC=C(C)C)C	101164620	GEJTUIRWAPVHOL-UHFFFAOYSA-N	C15H26O3
C[C@]12CCCC([C@@H]1CC=C([C@@]2(CO)O)CO)(C)C	10858028	PZNQIKQMJNHKBD-AEGPPILISA-N	C15H26O3
CC(C)[C@@H]1CC[C@]2([C@H](CC[C@]([C@@H]2C1=O)(C)O)O)C	14864736	ZAOPFHNPAJDKCX-OPYWOCCESA-N	C15H26O3
CC1(CCC(C(C1)CC2CCOCC2)C(=O)O)C	81020438	AMPTWDBCNYYYHP-UHFFFAOYSA-N	C15H26O3
C[C@@H]1CCC(=CC1)C[C@@H]2[C@H](COC(O2)(C)C)CO	10037957	BKPBWPBHMLLWCL-FPMFFAJLSA-N	C15H26O3
CCC1CCC(C2C1O2)COC(=O)C(C)(C)CC	131972313	UQLUXGLTJDTVBD-UHFFFAOYSA-N	C15H26O3
COC1(CCOCC1)C(=O)CCC2CCCCC2	114191957	IEOZJFRYJWRAKE-UHFFFAOYSA-N	C15H26O3
CCCCCCC/C=C/C=C(\C)/[C@H](CC(=O)O)O	101446259	WDNUVAZKNKGOOC-VLDLZAEJSA-N	C15H26O3
CC.COCCOCCCCOC1=CC=CC=C1	142386166	DGKYLFMDXJTUFP-UHFFFAOYSA-N	C15H26O3
C[C@]1(CC/C=C(\CC[C@@H]2[C@@H]1C[C@@]2(C)CO)/CO)O	101006436	ZXXPPFVLMJDNBO-BQLJDYRASA-N	C15H26O3
CC(CC(C)C(=O)C(C)(C)CC(C)(C)C=O)C=O	138722836	LLMPJVFDVUGVJI-UHFFFAOYSA-N	C15H26O3
C[C@@H]1CC[C@H](C2=C[C@](CC[C@@H]12)(C)OO)[C@@H](C)CO	13006547	OWXJFPIGYIEVGZ-HYFYGGESSA-N	C15H26O3
CC(=O)CCC(C)(C)C1CCCC2(C1)OCCO2	11097140	DDQHWPKMOBXRMG-UHFFFAOYSA-N	C15H26O3
CC(C)(C12CCCC1(C3CCC2C3)OCOC)O	18519267	RNJRCVGXXONIPT-UHFFFAOYSA-N	C15H26O3
C[C@@H]1C[C@@H](C[C@@H]2[C@]1([C@@]3(CC2)COC(O3)(C)C)C)O	56958898	KIEKVSSCYRSLBN-RKEKIRQTSA-N	C15H26O3
C/C(=C\CC(C(C)(C=C)O)O)/CC/C=C(\C)/CO	22298087	HQOMBCGUQWKTRC-GHEQENTPSA-N	C15H26O3
CCOCC1(CC2CC(CC(C1)O2)(C)OC=C)C	146652920	PIUAEEXZHBHZAY-UHFFFAOYSA-N	C15H26O3
CCCC(/C(=C/CC)/C)OCCOC(=O)C(=C)C	101228152	WKFQRNAOWFBWOF-MDWZMJQESA-N	C15H26O3
C[C@@H]1C[C@@H](C[C@]2([C@@H]1C(=O)[C@H](CC2)C(C)(C)O)C)O	98090283	DIDZMOYZGJUXCV-SQRMYFJTSA-N	C15H26O3
CCCCCCCCOC(=O)C1CC2CCC1O2	149092559	QSRJCOIDCLQBLK-UHFFFAOYSA-N	C15H26O3
C[C@H]1C(=O)OCCCCCCCCCC=CCO1	91229319	UVWAASIVTQGFCL-AWEZNQCLSA-N	C15H26O3
C[C@H]1CCC(=O)[C@H]1CCCCCCCCC(=O)O	125472415	YISRXIOCLAORLD-STQMWFEESA-N	C15H26O3
CCCCC1(CCCCC1OC)OC(=O)C(=C)C	58734546	XBHFDONYKYRWMX-UHFFFAOYSA-N	C15H26O3
CC1=C[C@H]2[C@@](C[C@@H]1O)([C@](CCCC2(C)C)(C)O)O	101764071	YOUYLYRLUWXOHO-MXYBEHONSA-N	C15H26O3
COCC1(COC2(CCC2)OC1)C3CCCCC3	89533328	TWHZUCUOPXEMCZ-UHFFFAOYSA-N	C15H26O3
COC(=O)CCCC(=O)C1CCCCCCCC1	152257221	WGORXIAYVLYYAH-UHFFFAOYSA-N	C15H26O3
CCC(=C(C)O/C=C(\C)/CC(C)(C)C(=O)OC)C	146488159	SEEDNKPQZFGLOM-YXRPGFJPSA-N	C15H26O3
CC=CCOCC(COCC=CC)OCC=CC	53953834	JGHFMFLEWUTAIZ-UHFFFAOYSA-N	C15H26O3
COC1(CCC1)CC(C2CCOC3(C2)CCC3)O	103560187	AMLACBZTMAHYDL-UHFFFAOYSA-N	C15H26O3
CCCC(/C(=C/C)/C(=C\C)/CCC(=O)O)OCC	144018056	AQOOEBYDRIHXCG-VOFKWTQNSA-N	C15H26O3
CCCCCC1(C(OC(=O)O1)C=C)CCCCC	101357390	RBSISWCMCQSDKF-UHFFFAOYSA-N	C15H26O3
CC(C)CC(C)(C)C(=O)OCC1CCC2C(C1)O2	148307012	LAHQIHVDYQGTNZ-UHFFFAOYSA-N	C15H26O3
C[C@H]1C[C@H]([C@]2([C@@]3([C@H]1C[C@H]([C@@]2(C)CO)CC3)C)O)O	10848567	DZXVYUCFZXZBIE-MXTYMHHPSA-N	C15H26O3
C1CCCCCCOC(=O)OC=CCCCCC1	154407992	REWMYXQFDIQPPZ-UHFFFAOYSA-N	C15H26O3
CCOC(=O)C(C1CCCCC1)C(=O)CC(C)C	82936254	ZHVCNNUPBYNJRO-UHFFFAOYSA-N	C15H26O3
C[C@@]12CC[C@@H]3[C@H](CC3(C)C)[C@@](CCC1O2)(CO)O	131971893	OHDVDXBNIVPOOL-LZVAUXPFSA-N	C15H26O3
CC(=CCC[C@H](C=C)[C@@H]([C@H]1COC(O1)(C)C)O)C	101474187	GRNBFUCJKMVORQ-MJBXVCDLSA-N	C15H26O3
CC(CCC=C)(C1CCOC2(C1)CCOCC2)O	113437946	AOBHMUDEFYMBII-UHFFFAOYSA-N	C15H26O3
C1CC2(CCC1CCO)CCC(CC2=O)CCO	141420502	VKLNAYTXMBWOQL-UHFFFAOYSA-N	C15H26O3
CC(C1CCC(CC1)O)C2CCC(C(C2)C=O)O	147857690	CDYXFKSATAEINU-UHFFFAOYSA-N	C15H26O3
CC(CO)[C@H]1CC[C@@H]2[C@@]1(CCC[C@@H]2OC(=O)C)C	90962189	FYONWDIYFMIDDE-GISFEHRLSA-N	C15H26O3
C[C@@H]1[C@H](CC[C@]1(C)O)C(=C)CC[C@@H](C2(CO2)C)O	53243203	NRJUEDGUOUJFPU-BUWKTABGSA-N	C15H26O3
CC[C@H]([C@H]1CCCC[C@H]1CC(=O)C(C)C)C(=O)O	58271729	CHGHMBMTURXHEG-XQQFMLRXSA-N	C15H26O3
CC1=CCCC([C@@H]1[C@@H](C[C@H](C)OC(=O)C)O)(C)C	11846781	ISGAPBWCUNXMGP-YUTCNCBUSA-N	C15H26O3
CCCCOC(=O)C(=C)C[C@H]1[C@H](C(C1(C)C)O)C	118183022	NEPLJCNTKTWWQC-OJRHAOMCSA-N	C15H26O3
CC12CCCC(C1CCC2C(=C)CO)OCOC	23365141	YZWYENMYVAIOMZ-UHFFFAOYSA-N	C15H26O3
CC(CCCC(C=C)O)CC=CCCCC(=O)O	57212385	SZJVNLSDWHNOOU-UHFFFAOYSA-N	C15H26O3
CC(=O)CCCCCCCCC(=O)CCC(=O)C	71381061	BEVUVODCSMAYJW-UHFFFAOYSA-N	C15H26O3
CCCCOC1=C(CCCC1)C(=O)OC(C)(C)C	140328991	DQWZGTHLIISJLL-UHFFFAOYSA-N	C15H26O3
CCOCCCCCC(=O)OC1=CCCCCC1	134561629	QFOLJWCLTXDJFC-UHFFFAOYSA-N	C15H26O3
C[C@]1([C@H](O1)CC[C@@](C)(C=C)O)CC[C@@H]2C(O2)(C)C	135016873	TUOVDYDXMVZZMJ-QHSBEEBCSA-N	C15H26O3
CCCCC(COC(=O)C=C)OC1CCCCC1	151125972	MTETYNRPBBZIMR-UHFFFAOYSA-N	C15H26O3
CC(=CC[C@@H](/C(=C/[C@@H](C[C@](C)(C=C)O)O)/C)O)C	127036756	GAEVBMMHPZIJOS-AHTQYRACSA-N	C15H26O3
CC(C)(C)C(=O)OCCCCC1CCCC(=O)C1	10777348	INOXFBFZOXBYMQ-UHFFFAOYSA-N	C15H26O3
CCC1CCC(CC1)C(=O)C(C(C)C)C(=O)OC	65389937	PLXBVOIACRLIRV-UHFFFAOYSA-N	C15H26O3
CCCCCCCCC(=O)C1CC1C(=O)OCC	70111178	VMQQLAGJSRPEIG-UHFFFAOYSA-N	C15H26O3
CCCCC[C@H]1C(=O)CCCCC(=O)[C@H](O1)CC	10015191	SRRHWXLMHLPSII-CABCVRRESA-N	C15H26O3
CC(=O)CCC=CCCCCOC1CCCCO1	71329248	MHNPBJGCHIHNEM-UHFFFAOYSA-N	C15H26O3
CCCCC(COC1C2CC(C1OCC)C=C2)O	20649865	NGSBIVXKWSOTKT-UHFFFAOYSA-N	C15H26O3
CCCC1(C2(O1)CC(CCC2C)C)C(=O)OCC	83048636	JOAOCFKPQQEBOD-UHFFFAOYSA-N	C15H26O3
CC(C)[C@H]1CC[C@]([C@H]2[C@@H]1C(=O)[C@](CC2)(C)O)(C)O	12111647	HAGFDDLNLGPWKO-MYYUVRNCSA-N	C15H26O3
CC.CCCCOC(CO)COC1=CC=CC=C1	142323479	SDAPSNHJUYEQEK-UHFFFAOYSA-N	C15H26O3
CC(C)C(C(=O)O)C1(CCC2(CCCC2)CC1)O	113638694	YGTGTOZTINPPEJ-UHFFFAOYSA-N	C15H26O3
CCCCCCCCC#CC(C[C@@H](C)C(=O)O)O	140369355	OXQANXOLYUHFFG-KWCCSABGSA-N	C15H26O3
CC1CCC(CC1)(CC2CCC(O2)(C)C)C(=O)O	113532711	HKACTPXFAVYMIC-UHFFFAOYSA-N	C15H26O3
CC(C)C1C[C@@]2(C3C([C@](C1)(O2)C)OC(O3)(C)C)C	147158772	WRYDQYOFXFPKAY-FWFUAKRZSA-N	C15H26O3
CC(C)C(=O)OCCCCCCCC(=O)C(=C)C	58298898	QUPSIPCHYHKTBN-UHFFFAOYSA-N	C15H26O3
CCCC(CC1CCC(C1=O)CC2CCCO2)O	122369828	PTEDGNFQZQKLIU-UHFFFAOYSA-N	C15H26O3
CC(CO)[C@@H]1CC[C@]2([C@@H](CCC(=C)[C@@H]2[C@H]1O)O)C	482790	UQYJFDGQBNCHHB-LRUZOGJLSA-N	C15H26O3
CCC(C(C)C)OC1=C(CCCC1)C(=O)OCC	141503147	FNOIQDRDXKHNIH-UHFFFAOYSA-N	C15H26O3
CCC1CCCC(C1)OC2(CCC2)CC(=O)OC	113796908	NJSJLMIMABQRDE-UHFFFAOYSA-N	C15H26O3
CC(CC1C(C(=O)OC1=O)C(C)(C)C)C(C)(C)C	121481651	SBULTDZVHBWUAJ-UHFFFAOYSA-N	C15H26O3
C[C@@H]1C[C@@H]2CC3(C[C@@H]2[C@H]1CO)OCC(CO3)(C)C	58025209	KREPOTSOTSFIFJ-NDBYEHHHSA-N	C15H26O3
CC(C)C1=CC[C@@H]([C@]12CC[C@@]([C@H](C2)O)(C)O)CO	127038201	QWAJQOZHWOAWPW-FAAHXZRKSA-N	C15H26O3
CCC1CC(C(C1)C(=O)OC2CCCCO2)CC	23522021	PXJKOSUXDNSVHU-UHFFFAOYSA-N	C15H26O3
CC1(C[C@@H]([C@@H]2[C@H]1CCC2=O)C(C)(CCO)OC)C	101618199	JTROQJOPIHBYFP-GXBCUXGNSA-N	C15H26O3
C[C@]12CC[C@H]3C[C@@]1([C@]([C@H](CC2)O)(C)O)OC3(C)C	76316482	QDZQKRSRABUOAX-ULQWKZLWSA-N	C15H26O3
CCC(C)C(=O)OC1(CCCCC1)C2CCOC2	57880009	DZLMQJWQBHRXTN-UHFFFAOYSA-N	C15H26O3
CCCCCCCCCCC(=COC(=O)C=C)O	73676075	PPPPVLPSODNSGE-UHFFFAOYSA-N	C15H26O3
CC(C)(C)C1CCC(CC1)OCC(=O)OCC=C	68490702	QGVHWSLDRPYXLC-UHFFFAOYSA-N	C15H26O3
CC(=O)OC1CCCCCCCC(/C=C\CC1)O	140589440	LZEDUWBSWUFSQM-YFHOEESVSA-N	C15H26O3
CC(C)CO[C@H]1C[C@@H](C1(C)C)OC(=O)C2CCC2	97015976	XXUUIZIUURZPCJ-STQMWFEESA-N	C15H26O3
CCCCCCC=CC1C2CC(OC2CC1O)O	123803876	KVWRIOVRSYDPPU-UHFFFAOYSA-N	C15H26O3
C1CCOC(C1)C2CCCOC2C3CCOCC3	118498616	NFZMLOSCZCUXFQ-UHFFFAOYSA-N	C15H26O3
CC(=O)CC/C=C/CC(CC=C)(COC)COC	102155837	IFVCPZRCAKQDBN-SOFGYWHQSA-N	C15H26O3
CC(=C)C(=O)OC(C)(C)CCOC(C)(C)CC=C	124016110	DTLFJBPVHSHEGX-UHFFFAOYSA-N	C15H26O3
C[C@@H]1CC[C@]([C@@]2([C@H]1[C@@H](C(C2)(C)C)O)O)(CC=C)O	10467509	USYIZKCHEVTQHB-RKEKIRQTSA-N	C15H26O3
COC1C(CCC2C1CC3CC(CCC3C2)O)O	140049335	KTLXOXIFGVZMES-UHFFFAOYSA-N	C15H26O3
CC1(C2CCC1(C(C2)(C(=O)OC(C)(C)C)O)C)C	140995455	OZGKJFLGEDUASQ-UHFFFAOYSA-N	C15H26O3
CC(C)[C@@H]1CC[C@]2([C@H](O2)CC[C@]3([C@H]([C@H]1O)O3)C)C	124893920	CZZAIHWBOUXBPS-IWTMDLJTSA-N	C15H26O3
C1CCOC(C1)CC(C2CCOC3(C2)CCC3)O	104250337	MJOCPACMWIREHC-UHFFFAOYSA-N	C15H26O3
CCOC(=O)CCC(=O)CC1CC(CC(C1)C)C	64728544	WVSGTVXEKXHGHA-UHFFFAOYSA-N	C15H26O3
CCCCC=CC(=O)C(CCC)(CCC)C(=O)O	90865970	KDSNZVQMUMLOTB-UHFFFAOYSA-N	C15H26O3
CC1=CCC[C@]2(C1C[C@H](CC2)C(CO)CO)CO	132556887	OCXFVFWYEROTSD-XSDATEAUSA-N	C15H26O3
C1CC(=O)[C@H]1CCCCCCCCCCC(=O)O	40418871	XFBXXTOEKUXMOY-ZDUSSCGKSA-N	C15H26O3
C1CCCC/C=C\CCOCC(=O)OCCCC1	70027698	KTRNKTOXBNJJPE-VURMDHGXSA-N	C15H26O3
C/C(=C\CCCCCCCCCC1CO1)/C(=O)O	87113705	MDAPKCQYNWWECE-JLHYYAGUSA-N	C15H26O3
CC1(CCC2COCC2CCC(C1)(C)C(=O)O)C	134525089	MZUDMOQNRWSPRQ-UHFFFAOYSA-N	C15H26O3
CC/C=C/CC1C(CC(C1/C=C/C(CC)O)O)O	21720899	WAVWDJHASHKGFM-HHWLVVFRSA-N	C15H26O3
CCCC1CCC2(CC1)C(O2)(C(C)C)C(=O)OC	79299504	JMTCPTFSWKTDBJ-UHFFFAOYSA-N	C15H26O3
C[C@@H]1CC[C@H]([C@@H]2[C@H]1CC[C@@](C2)(C)O)[C@@H](C)C(=O)O	15765819	HSOPBTCGSYKCGY-ITTXBHIMSA-N	C15H26O3
CCOC(C1CCCCC1)C(C2=CCCCO2)O	102654922	ULMCANPCNBSYFN-UHFFFAOYSA-N	C15H26O3
CC(C)[C@@H]1CC/C(=C\CCC(=C)[C@H]([C@@H]1O)O)/CO	10332558	DXLKOOQBJKRNLJ-AZTPNKIGSA-N	C15H26O3
CC1(CCC[C@H](C1)C[C@@H](CC#C)CO)OCCO	143238682	DELSIMJDDMULML-SNTRVMSOSA-N	C15H26O3
CCOCCC(=O)C1CCOC2(C1)CCCCC2	105118718	GILQLIAXMXMOGH-UHFFFAOYSA-N	C15H26O3
C1CCCC(CC1)([C@H](C2CCCCC2)C(=O)O)O	92172916	XQOUFQTXPZMJTR-CYBMUJFWSA-N	C15H26O3
CCC1(CC1C)C(=O)OCOCC2CCCCC2	148008265	IYHNUAFPKGRKIE-UHFFFAOYSA-N	C15H26O3
C=CCCCCCOC1CCC2(CC1)OCCO2	107007282	FEYOXPFFFALFQV-UHFFFAOYSA-N	C15H26O3
CC(=O)CCCCCCC1CCCC1OC(=O)C	23265318	CIOBVUHOBYIPDT-UHFFFAOYSA-N	C15H26O3
C[C@@H]1CC[C@@]2([C@]1(C[C@@H]([C@H](C2)O)C(=O)C)O)C(C)C	91354104	GJMUCKZTKQMBAK-JSFFLRCESA-N	C15H26O3
CCCC(C(=O)C1CCCC(C1)C)C(=O)OCC	83049891	VRTUTPQSDBQCMI-UHFFFAOYSA-N	C15H26O3
C[C@]12CCCC([C@@H]1CC[C@@H]([C@@H]2C(=O)OC)O)(C)C	12177721	PNORERWVNDPBJT-OHTBPHCPSA-N	C15H26O3
CC(C)C1CCC(CC1)C(=O)OC(=O)C(C)(C)C	24885300	UOOAISBKWXZQRC-UHFFFAOYSA-N	C15H26O3
C[C@@H]1CC[C@@H]2[C@@H]1[C@@H]([C@@]3(C[C@@H]([C@]2(O3)C)O)C(C)C)O	46243138	RQYWJVJADBZVLW-VBNHKQTDSA-N	C15H26O3
CCCCCCCC[C@@H](/C=C/C=C/C(=O)OC)O	57408651	XESWXHYPUPZFMY-INVQJTDUSA-N	C15H26O3
CCC[C@H]1C(OC(O1)(C)C)C(C#CCC(C)C)O	58304542	UHPINKMSZLHZKK-MOKVOYLWSA-N	C15H26O3
CC1(C2CCC(O1)(C(C2)OC(=O)C(C)(C)C)C)C	85365679	UXQYZBYGDNDXIP-UHFFFAOYSA-N	C15H26O3
C[C@@H]1[C@@H](CC[C@@H]([C@@]1(C)CCOC(=O)C)C(=C)C)O	100976673	TYHGGWBFPVKIJA-NGFQHRJXSA-N	C15H26O3
CC(C)CC(=O)OC1CC2CCC1(OC2(C)C)C	85345041	UCNYDZXHJMXEER-UHFFFAOYSA-N	C15H26O3
CCCC(C1CCCC(C1)CO)OC(=O)C(=C)C	145843405	MDABPQHQEOHCDE-UHFFFAOYSA-N	C15H26O3
C[C@]12CC[C@H]([C@@]3([C@@H]1[C@@H](CC[C@@H]3O)C(O2)(C)C)C)O	101274708	RXZAQVRXHDRGEC-CLMGUBIUSA-N	C15H26O3
COC1(CC2(CCCCC2)OO1)C3CCCCC3	52938477	LFJNTXAFRFXKFR-UHFFFAOYSA-N	C15H26O3
C[C@@H](CCCC(C)C)[C@@H]1CCC(=O)[C@H]1C(=O)OC	11459478	KYYKXNDNVKSUBW-OBJOEFQTSA-N	C15H26O3
CC(C)[C@H]1CC[C@]2(C[C@H]([C@H]([C@H]2[C@@H]1O)C(=O)C)O)C	124835937	NQHGSTTYLUUHTC-LACSLYJWSA-N	C15H26O3
C[C@@H]1C[C@H]([C@@H]2[C@@]13C[C@H](C2(C)C)[C@](C[C@@H]3O)(C)O)O	21592317	JXOYLWARWIAWOR-RQRUFFQQSA-N	C15H26O3
CCC(CC)C1CC(CCO1)(C)OC(=O)CC=C	44465093	JYWHTKZJLNKZBX-UHFFFAOYSA-N	C15H26O3
CCC(C)(C)C(=O)OC(C)C1CCC2C(C1)(O2)C	57583656	MULNHADQWLDPMD-UHFFFAOYSA-N	C15H26O3
C[C@]1(CC[C@@H]2[C@H](CC2(C)CO)[C@]3(CC[C@@H]1O3)C)O	10538900	KZECFWSPXFFTBL-HDNADGOUSA-N	C15H26O3
CCOC(=O)CC[C@H]1C[C@@H](CCC1=O)C(C)(C)C	100969622	DGFMWHFQQQQHBK-NWDGAFQWSA-N	C15H26O3
CC1(CCCC2(C1CC=C(C2CO)CO)C)CO	14433067	ZVTXMJUNGOWZRE-UHFFFAOYSA-N	C15H26O3
CC1=CC[C@@H]2[C@@]([C@H]1CO)(CC[C@H]([C@]2(C)CO)O)C	71665841	UYMHEXBKIPYBOX-NJVJYBDUSA-N	C15H26O3
COC1(CCC2(CC1)OCCO2)C3CCCCC3	22494766	SYKHLQQHILZGTC-UHFFFAOYSA-N	C15H26O3
CC(CCC(C)(C)O)CC=CC(=CC(=O)OC)C	54003522	KNGWFJYTLUFACC-UHFFFAOYSA-N	C15H26O3
CC1(C(=O)CCC2(C1(CCCC2OCO)C)C)C	123181315	AZRJSKWFAKUYIU-UHFFFAOYSA-N	C15H26O3
C[C@@H]1[C@@H]([C@]2(CCCC([C@@H]2C(=O)[C@@H]1O)(C)C)C)CO	101293625	VYPHPGCDLVZOIM-WORPLKMKSA-N	C15H26O3
C[C@@H]1CC[C@H](C2(C1)OCC[C@@H](O2)CC=O)C(C)C	139249745	GMSCIVIWQZKLDN-CXJJLCSMSA-N	C15H26O3
CCCCCCCCC1[C@@H](C[C@H]2[C@@H]1CC(=O)O2)O	71013331	CYIXFXFEPORWIT-CPIKKWJDSA-N	C15H26O3
CCCCCOC(=O)CCC(=O)C1CCCCC1	139605251	DCDIBUDMPNEXSY-UHFFFAOYSA-N	C15H26O3
CCCCC[C@@H]1[C@H](CCC1=O)CC(=O)OCCC	20056433	IPDFPNNPBMREIF-CHWSQXEVSA-N	C15H26O3
CCC1CCCC(C1)C(=O)C(C)(C)C(=O)OCC	65412992	MBARRTFWUBKEPG-UHFFFAOYSA-N	C15H26O3
CC[C@@H]1[C@H](C[C@H]([C@H]([C@H]1C=O)CC)COC(=O)C)C	91871059	GLBFAPVNHOIAMF-MQFWEAQZSA-N	C15H26O3
C1CCCCCC(=O)[C@H](CCCC1)CCC(=O)O	7018981	ZWJHEHCSBAMCBQ-CYBMUJFWSA-N	C15H26O3
CCCCC(C)(C)[C@@H](/C=C/[C@@H]1CC(=O)C[C@H]1O)O	71157465	SYZUEFCJQMQNRE-OMJKLNAISA-N	C15H26O3
C[C@@H]1[C@@H]([C@H](CO1)OC2CCCC2)OC3CCCC3	147637188	JDFMCWHWNFNHHH-UGFHNGPFSA-N	C15H26O3
CCCCCCCC=CC=CC=CC(CO)(O)O	139766581	GLASDJOCRKYOSH-UHFFFAOYSA-N	C15H26O3
C[C@@]12CC[C@@H](C[C@H]1OC(=O)C(C)(C)C)C(O2)(C)C	101195119	UXQYZBYGDNDXIP-FIXISWKDSA-N	C15H26O3
CC(C)(C)OC(=O)CC(C1CC2CCCC1C2)O	149524086	ZLHWTFDPMVQISW-UHFFFAOYSA-N	C15H26O3
CCCCCCC(CCCC)CC1=COC(=O)O1	146232791	RNGNMOKUUJYZEL-UHFFFAOYSA-N	C15H26O3
CCC1CCCCC1OC2(CCC2)CC(=O)OC	103272484	VIBRVOIZTYOILT-UHFFFAOYSA-N	C15H26O3
C[C@@H]1CC[C@H]2[C@@H]1[C@H]3[C@H]([C@@]3(C)CO)CC[C@@]2(CO)O	24777879	XJCYHYLKHMEKAZ-CCCRVJQASA-N	C15H26O3
CC1(C2CC3CC(C2)CC1C3)OCCOCCO	58105942	WPLACZVJFOYTSL-UHFFFAOYSA-N	C15H26O3
C[C@]12CCC3(C[C@@H]1CCCC[C@H]2OC)OCCO3	44246023	ULDUWJOFQWXSAB-MJBXVCDLSA-N	C15H26O3
CCOC(=O)CCC1CCC(CC1=O)CC(C)C	153947002	FDEIXKBLSVQGTL-UHFFFAOYSA-N	C15H26O3
CCC1CC(C(O1)CC)C2(CCCC2)OC(=O)C	59119068	MFGWTOPZNIIJTB-UHFFFAOYSA-N	C15H26O3
CC(C)(C)OC(=O)CC(C1CC2CCC1C2)OC	18684352	QRSCTVOUEOFHHO-UHFFFAOYSA-N	C15H26O3
CC1CCC(CC1C)OC(=O)OC2CCCCC2	140463750	VDKLLXQHVKIXNR-UHFFFAOYSA-N	C15H26O3
CCCCCC(=O)C1CCOC2(C1)CCOCC2	115784655	RQCZCZJUBUHMMU-UHFFFAOYSA-N	C15H26O3
CCOC1CC(C12CCCCC2)OC(=O)C(C)C	71925867	KYIQZGJZYJYQGZ-UHFFFAOYSA-N	C15H26O3
C[C@H]1[C@@H](C[C@@]2([C@@]3(C1C[C@H](C2(C)C)[C@H](C3)O)C)O)O	102484539	PURFKCJQQHPNET-SRSZTMMFSA-N	C15H26O3
C[C@@H](CC1CCC(CC1)O)C(=O)OC2CCCC2	57994331	HBNRAPWRNRKSLS-HIFPTAJRSA-N	C15H26O3
C[C@@]12CC[C@@H](C1)[C@@]([C@@H]2O)(C)CCC=C(CO)CO	102383096	XYZIAHFLDAQENE-GBJTYRQASA-N	C15H26O3
CC=C(C)CCCC(=O)OCOC1CCCCC1	74062305	QZUKTOYYDZLRCX-UHFFFAOYSA-N	C15H26O3
C[C@H]1C[C@H](CCCCCC(=O)O1)OC2CCCC2	152944813	UNNRHWZQDKKXHW-JSGCOSHPSA-N	C15H26O3
CCC1[C@H](CCC[C@]1(C)/C(=C/C)/CO)OC(=O)C	71218552	DLOHWZXORNWIKG-NUHJUSQHSA-N	C15H26O3
C[C@@H]1[C@H]([C@@H](C[C@@H]([C@@]12CC[C@H](C2)C(=C)C)CO)O)O	102058326	NPIIWZCGVADPIE-BXLXJSPXSA-N	C15H26O3
CC(=O)O/C=C\OCCCCCCCCCC=C	101992540	YUZYFGSUYWRSLM-YPKPFQOOSA-N	C15H26O3
C[C@H](CCC=C(C)C)[C@@H]1CC[C@@H]([C@H]1C(=O)OC)O	10610975	ICRLYYKHIOJDDV-RFGFWPKPSA-N	C15H26O3
COCCCC(=O)C1CCOC2(C1)CCCCC2	79922255	XJEPBRUUMUOOFQ-UHFFFAOYSA-N	C15H26O3
C(CCCCCC#CCO)CCCCCC(=O)O	13547058	AOZADDCLSXBPOI-UHFFFAOYSA-N	C15H26O3
CC(COC1CCCC1C2CCCC2)OC(=O)C	152394136	XIATXMMSVMKUNC-UHFFFAOYSA-N	C15H26O3
CCC(CC)(C(=O)C1CCCCC1)C(=O)OCC	67362775	UYDIWCIJYIJEGE-UHFFFAOYSA-N	C15H26O3
CC(C)[C@@]1(CC[C@]2([C@H]1[C@H](C[C@@]3([C@H](C2)O3)C)O)C)O	11345827	ZCDLQSJEDFNXTD-BBZRCZKMSA-N	C15H26O3
C[C@@H]1CC[C@H]2[C@H](CO[C@@H]([C@H]2[C@H]1CCC(=O)C)O)C	21631216	BZTRTQXICHCWTD-FNAGZSIXSA-N	C15H26O3
CCCCC(C(C1CC(C=C(C1)C)C)O)C(=O)O	103277805	MXRRQZQZPGZBNS-UHFFFAOYSA-N	C15H26O3
CC(C)[C@@H]1CC[C@]2([C@H](CC[C@@]([C@@H]2C1=O)(C)O)O)C	14864737	ZAOPFHNPAJDKCX-ZYDPBQMLSA-N	C15H26O3
CCCC(COC(C)(/C=C/C=C\C=C/C)O)OC	89821261	VOTUJWNWLPBXQU-OBCIJEAPSA-N	C15H26O3
CC1([C@@H]2CC[C@@H]([C@@H]2CO1)COC3CCCCO3)C	134970805	VZXGTBHRMYSSPM-RBKKPWLPSA-N	C15H26O3
CC1(CCCC2(C1)C(O2)COC3CCCCO3)C	14462327	GOXQMGIKFVYHJY-UHFFFAOYSA-N	C15H26O3
CCCCC(C(=O)O)C1(CCCC(C1)C2CC2)O	80045973	XJFDGFVLEYBWQV-UHFFFAOYSA-N	C15H26O3
CC(C)(C)OC(=O)C(=CC1CCCCC1)COC	140223704	DETCHSBVOWYUPZ-UHFFFAOYSA-N	C15H26O3
C[C@@H](CCCC[C@@H]1CCCCC(=O)C1)C(=O)OC	60083594	PECXFENJCRZQPO-QWHCGFSZSA-N	C15H26O3
CCOC(CC(=O)CC(C(=C)C)OCC)C(=C)C	139919528	RYELBQCUESSZCW-UHFFFAOYSA-N	C15H26O3
CC1C(C2(CC1(C(C2(C)C(=O)O)(C)CO)C)C)C	90147991	LFKHVUYRNWXUKQ-UHFFFAOYSA-N	C15H26O3
CC(C)[C@H](/C=C/C(=O)C)C1OC(C(O1)(C)C)(C)C	122379619	LPJGKIMJURQFQI-BCPZQOPPSA-N	C15H26O3
CC(C)(C)OC(=O)CCCC[C@@H]1C[C@H]1CCC=O	145841225	UUUUFOGIOBHCLV-CHWSQXEVSA-N	C15H26O3
C[C@@H]1CC[C@H](C(C1)OC(=O)[C@@]2([C@H](O2)C)C)C(C)C	134866022	JXJREBZBRPJBPB-RKOXZLIFSA-N	C15H26O3
CC1CCC(CC1)C(=O)C(C)C(=O)OC(C)(C)C	66338341	PEXJJEOQPAXFLR-UHFFFAOYSA-N	C15H26O3
CCCCCCCCCC(C1CCC1=O)C(=O)O	71772117	RKFUMSAQPPBKFN-UHFFFAOYSA-N	C15H26O3
CC1CCC(CC1C)OC2CCC(CC2)C(=O)O	113587190	MLCGEHBVBFQNKT-UHFFFAOYSA-N	C15H26O3
CCCCCCCC(=O)C(C(=O)CC)C(=O)CC	113958364	JFHPLMUBNHEKFH-UHFFFAOYSA-N	C15H26O3
CCCCC(O)OC1(CCCC=C1)C2CCCO2	147175385	BYNQMBKYENABBQ-UHFFFAOYSA-N	C15H26O3
CCCCCCC1C(C(=O)O1)CC(CCC=C)O	19794693	YPGSEWJGQOUJAQ-UHFFFAOYSA-N	C15H26O3
CCC(C)(C)C(=O)OC12CC[C@H](C1)CC(C2)(C)O	68272725	SYRGSPLZMXTLPX-QGLTVNCISA-N	C15H26O3
CCCCCC/C=C/C1[C@H](CC[C@H]1O)CC(=O)O	142097261	YJFCBTSEMFMHCG-RWDIMFNUSA-N	C15H26O3
CC1([C@@H]2C[C@H]1CC(C2)CCCCOCC(=O)O)C	142139286	HAQDPDLTNYIBHQ-YHWZYXNKSA-N	C15H26O3
CCCCOC(=O)C1(CO1)CCCCC2CCC2	54106049	NDVPFCNMZTXYLQ-UHFFFAOYSA-N	C15H26O3
C1CCCCCC(=O)CCOC(=O)CCCCC1	85536530	VYYRZLHCSOBXLF-UHFFFAOYSA-N	C15H26O3
CC(C)(C)OC(C)(C)OC#CC1(CCCCC1)O	23910102	ARYYANMZSDIGFU-UHFFFAOYSA-N	C15H26O3
CCCC1CC(C2CCC(CC2O1)C)OC(=O)C	132204171	WHCIPQPWDZVGHD-UHFFFAOYSA-N	C15H26O3
CC(C)C(CC1CCC2(O1)CCCCC2)C(=O)O	102899297	NOBDKJKXRXAURC-UHFFFAOYSA-N	C15H26O3
C/C=C/CC1(CCC2(C(C1O)(C)C)OCCO2)C	152850620	TVEXWCZOYPLJCA-AATRIKPKSA-N	C15H26O3
CCOC1(CCC(CC1)C)C(=O)C2CCOCC2	116749393	FTSQMQULKFRPDI-UHFFFAOYSA-N	C15H26O3
C1CCCC[C@@H](/C=C\CCOC(=O)CCCC1)O	101113412	IBIMYQDLKZMPTL-MSKHEQNASA-N	C15H26O3
C/C/1=C\C(=O)OCCCCCOC(CCC1)(C)C	118518626	ZBZLLAHGDQEMHQ-OUKQBFOZSA-N	C15H26O3
CC1C(CCO1)C(C2CCOC3(C2)CCCC3)O	115823167	OQOCYQUFFSZDMZ-UHFFFAOYSA-N	C15H26O3
CCC(C)(C)C1CCC2(CC1)C(O2)(C)C(=O)OC	66438715	MXBOYBWYOYULLL-UHFFFAOYSA-N	C15H26O3
CCOC(=O)C(C(C)C)C(=O)C1CCCCCC1	65399984	UBDWLHGIPDFHNJ-UHFFFAOYSA-N	C15H26O3
CCC(C)C(=O)OC(C1CC2CCC1O2)C(C)C	147690523	GQIOJUAKIVSEKX-UHFFFAOYSA-N	C15H26O3
C1CC(CCC1CO)C2CCC3(CC2)OCCO3	59203792	RKHBNVQHNQCVHB-UHFFFAOYSA-N	C15H26O3
CCCCCC1CC(C(=O)OC1=O)CCCCC	23386234	LQLDVAOKNHPIJP-UHFFFAOYSA-N	C15H26O3
CC1=C[C@](CC1)(CCCCO[C@@H]2CCCCO2)O	94037611	DZHJJXWHPOXXNY-HUUCEWRRSA-N	C15H26O3
CC1CCC2(O1)C(CCCC2(C)CC(=O)O)(C)C	69261680	KTDKLTOQFLHNIM-UHFFFAOYSA-N	C15H26O3
C[C@H]1C[C@H]([C@H]2[C@H]1C[C@]3(CC[C@]2(OC3(C)C)C)O)O	46894032	FZHQWUGUAXQAKQ-NJGDNLJASA-N	C15H26O3
C(CCCCC#CCCCC(=O)O)CCCCO	21631795	RHBRRLOBWIGEPA-UHFFFAOYSA-N	C15H26O3
CC1=C([C@]2(CCCC([C@@H]2[C@@H]([C@H]1O)O)(C)C)C)CO	53248406	SQUSSQHYJYXURV-SFDCQRBFSA-N	C15H26O3
C/C(=C/CO)/CC/C=C(\C)/COC1CCCCO1	22559406	YDZGVMBMEMKXNF-YGTYLERISA-N	C15H26O3
CCCCC(C)(C/C=C/[C@@H]1[C@H](C(=O)C[C@H]1O)C)O	71157358	QXDDFRXSGRJVQI-XIZYONSRSA-N	C15H26O3
CC(C)COCC(C)CC=CC(=CC(=O)OC)C	154359698	BRXWWGNPJDROPJ-UHFFFAOYSA-N	C15H26O3
CC(C)CC(CC1CCC2(O1)CCCC2)C(=O)O	102899293	ZXBHFDLCMXSGCB-UHFFFAOYSA-N	C15H26O3
CC/C=C\CC/C=C(\CC)/OC(C)(C)CC(=O)O	143050079	MVJWHRZSZMUUCZ-DYYHYMPESA-N	C15H26O3
CCC(CC)(C#CC(C)(C)OC1CCCCO1)O	134887430	MXDDSMGLZJVUDN-UHFFFAOYSA-N	C15H26O3
CC1CCC(C1)(C2CCOC3(C2)CCOCC3)O	79912383	ZJUWJPMEBPAVSS-UHFFFAOYSA-N	C15H26O3
CCCCCC1C(CCC12OCCO2)CC(=O)C	21511402	RFLLVPGDLJEZMB-UHFFFAOYSA-N	C15H26O3
CC(C)C(C)C1C(C(=O)OC1=O)C(C)(C)C(C)C	126695815	ISVNRRFAJKMWSO-UHFFFAOYSA-N	C15H26O3
CCC/C(=C(/OC(=O)O/C(=C(/CCC)\C)/C)\C)/C	89437182	PLHIVFJXEBOOSI-PHEQNACWSA-N	C15H26O3
CCC1CCCCCCC(=O)CCCCOC1=O	140306906	RNQZXUMVPVPGBY-UHFFFAOYSA-N	C15H26O3
CCOC(=O)[C@@H]1CCC([C@H](C1)[C@H](C)CC=O)(C)C	24823394	LXVDYSRPPBAWBZ-JHJVBQTASA-N	C15H26O3
CCCCCC[C@@H]1[C@H](OC1=O)C[C@H](CCC=C)O	57184668	FGRMZDNDNMUTII-BFHYXJOUSA-N	C15H26O3
CCC(C)(C)C(=O)OC(C)OC1CC2CCC1C2	57530903	GGWNTGILPWDEKC-UHFFFAOYSA-N	C15H26O3
CCCCCC/C=C/C=C/C=C/OCC(CO)O	13915018	MNKKNCOHKGCYCC-SNUJAXHWSA-N	C15H26O3
CC1=C(C(C(CC1)C(C=C)OCOC)(C)C)CO	10824855	VCMQRXLIUAKZPY-UHFFFAOYSA-N	C15H26O3
CCC(C)(C)C.C=CCOC(C=C)C=CC(=O)O	87701830	TVSYFGNIUQMPNC-UHFFFAOYSA-N	C15H26O3
CC(=O)COC1CCC(CC1)OC2CCCCC2	140429256	XCNTURTVOXJPDM-UHFFFAOYSA-N	C15H26O3
CC(=O)O[C@@H]1CCCC2C1CCC[C@H]2C(C)(C)O	20593567	OJKNHOYRMSTMKA-NWINJMCUSA-N	C15H26O3
C/C/1=C/C[C@H]([C@]([C@H]2C[C@@H]2C(C[C@H]1O)(C)C)(C)O)O	132561068	PVBJZOCDVNCPLR-DSDATCPHSA-N	C15H26O3
CC(C(=O)OC12CCC1CC(C2)(C)O)C(C)(C)C	147942742	IMBMOZSOBUBVFU-UHFFFAOYSA-N	C15H26O3
CC(C)C1=CC[C@@H]([C@]12CC[C@]([C@H](C2)O)(C)O)CO	127039859	QWAJQOZHWOAWPW-UQOMUDLDSA-N	C15H26O3
CCCC1(C2(O1)CCC(CC2)(C)C)C(=O)OCC	83048355	LTRWINLKEDTWBL-UHFFFAOYSA-N	C15H26O3
CC(C)[C@]1(CC[C@@]([C@@H]2CC[C@](C2=C1)(C)O)(C)O)O	57404490	AWHFDICMLWAOHN-FAAHXZRKSA-N	C15H26O3
C[C@]12CC[C@@H](C(C1CCCC23OCCO3)(C)C)O	154722797	OHHWWEHQVYBIRK-WGIUUAEBSA-N	C15H26O3
CC/C=C/C(=O)CC(CC(C)(C)C)C(=O)OCC	147486332	FEQNISSKSGALET-CMDGGOBGSA-N	C15H26O3
CC[C@H](/C=C/C[C@H](C)CCC=C(C)C)OC(=O)O	88647115	IKMAUIMLYSSDNO-VAZNYKRKSA-N	C15H26O3
CCOC(=O)C(CC=C(C)C)C(CCO)C(=C)C	10824857	XHEGIKXUGOGVKW-UHFFFAOYSA-N	C15H26O3
CC1(C2CCC1(C(C2)OC3CC(C3OC)O)C)C	104673732	SWKPSFNPGKQLOJ-UHFFFAOYSA-N	C15H26O3
CCCCCCCCCCC[C@H](C#CC(=O)O)O	129382938	NIWHGYHKMDOUBJ-CQSZACIVSA-N	C15H26O3
C1CC(OC1)CC2CCC(C2O)CC3CCCO3	129659523	HHVRWEARLKVXTA-UHFFFAOYSA-N	C15H26O3
C#CCCC(=O)OCCCCCCCCCCO	11107899	HQLADIRZTXYJKA-UHFFFAOYSA-N	C15H26O3
C[C@]12CCC[C@@]3([C@]1(O3)C[C@@H](CC2)[C@@](C)(CO)O)C	11391168	HEQJEKLYQRVZQU-RYPNDVFKSA-N	C15H26O3
C[C@H](CC[C@H]1C(=C)CC[C@H](C1(C)C)O)CC(=O)O	146684165	NVXZQXONYVZZPN-KGYLQXTDSA-N	C15H26O3
C[C@@H]1CCCCCCCCCC(=O)[C@H](C(=O)O1)C	101680360	HEJTYYXLNPTUPO-CHWSQXEVSA-N	C15H26O3
C[C@H]1CC[C@@H](C(=C2[C@H]1[C@H](C(C2)(C)C)O)CO)CO	73212331	RUKRBKIJTOJISR-GIFSMMMISA-N	C15H26O3
CCCCCC(CC)OC(=O)C1CCC2C(C1)O2	149886071	CEEVTZYDDFRRCD-UHFFFAOYSA-N	C15H26O3
CC(C)(CC=C)[C@@H]([C@@H](CCC=C)OC)C(=O)OC	101899334	CTFQSTAYCMBFSA-OLZOCXBDSA-N	C15H26O3
CC(C)CCCC(=O)C(=O)C(=O)CCCC(C)C	151283118	NYUYXLSODIMZKG-UHFFFAOYSA-N	C15H26O3
CC(=C[C@@H]1[C@@H](C1(C)C)C(=O)OCCCCCO)C	100715670	UWYHFDCZHVGLRR-CHWSQXEVSA-N	C15H26O3
C[C@H]1C2CC=C[C@@]([C@@H]2OC(C)C)(O1)COC(C)C	130266170	XAZOSYUWBPNNTF-LJKOUDNXSA-N	C15H26O3
CC1CC(C(CC1=O)C(C)OCC=C(C)C)OC	134270930	DQUJLGHHVLZWBP-UHFFFAOYSA-N	C15H26O3
CCCCC1=C(O1)C(=O)OC(CCC)CCCC	140275386	SODYSFKBGCXQPF-UHFFFAOYSA-N	C15H26O3
CC(C=O)[C@H]1CC[C@@H]2[C@@]1(CCC[C@@H]2OCOC)C	88317834	KMXLHGAZYZADLE-KIAMUWECSA-N	C15H26O3
CC(C)(C)CCC(=O)OCOC1CC2CCC1C2	89162339	WANQJJUBIJTXAL-UHFFFAOYSA-N	C15H26O3
C/C(=C\CO)/CC/C=C(/C)\COC1CCCCO1	11311360	YDZGVMBMEMKXNF-ALCKZIOKSA-N	C15H26O3
CCCCCCC1(C2C(O2)CCC1(C)C(=O)O)C	154292790	HYIDNSUOSDLMDH-UHFFFAOYSA-N	C15H26O3
CCC/C=C\CC[C@H]1[C@H](CO[C@@H]1/C=C/[C@H](C)O)O	60080951	SDTWMTGARJFXAM-AHKGTGPGSA-N	C15H26O3
CC1CCC(CC1)C(C)(C)OCCC(=C)C(=O)O	68779973	WHAKXEZMGGHPAN-UHFFFAOYSA-N	C15H26O3
CC1CCOC1C(C2CCOC3(C2)CCCC3)O	113664119	UFKPDAYBADYUFB-UHFFFAOYSA-N	C15H26O3
CCCC1(C2(O1)CC(CC2C)(C)C)C(=O)OCC	113861848	KFVUPDVSTDLIOZ-UHFFFAOYSA-N	C15H26O3
CCCCOC(=O)CCC(=O)CC1CCCCC1	80400595	AJZBUAYLRAPEQH-UHFFFAOYSA-N	C15H26O3
C[C@@]12C[C@@H]([C@@H](C[C@@H]1OC(C)(C)C)[C@](C2)(C=C)O)O	16102461	ZVGQEZAYJXSEFK-FUQNVFFISA-N	C15H26O3
CC(C)C(C(/C=C(\C)/CCC=C(C)C)O)C(=O)O	140285648	GADXBDLLOQZZLT-FMIVXFBMSA-N	C15H26O3
CCC(CC)C1CC(CCO1)(C)OC(=O)/C=C/C	44464842	ZGYJTKPDUDDTIE-VMPITWQZSA-N	C15H26O3
CCC(C)C(=O)OC1CC2CC(C1)CC(C2)(C)O	154538026	BRNFSWZHVRDCGA-UHFFFAOYSA-N	C15H26O3
CCCCC(=O)C(=O)[C@H]1CCCC[C@@H]1OCCC	15441443	BRJMFYXTVAOILR-JSGCOSHPSA-N	C15H26O3
CCCCCC(=O)CCC(=O)CCCCC(=O)C	154620478	BZWIOLFJZUJXAE-UHFFFAOYSA-N	C15H26O3
CCCC[C@H](CC)COC(=O)[C@@H]1CC[C@H]2[C@@H](C1)O2	124389630	ABAMRJVWDHJBTI-RFQIPJPRSA-N	C15H26O3
CC(C)C(=O)C1CCC(CC1)C(=O)OC(C)(C)C	59539162	JVHDILGMJXFTMT-UHFFFAOYSA-N	C15H26O3
CCC(COC=CC)(COC=CC)COC=CC	57006238	LQYSBSJOLPSPRC-UHFFFAOYSA-N	C15H26O3
CC(C)CCC1CCC(CC1/C=C(\C)/C(=O)O)O	23193794	GYPOJUMANRUVHX-DHZHZOJOSA-N	C15H26O3
CC(C)(C)C1=C(C=C(C(C1)(O)OC)C(C)(C)C)O	140033410	CMRTTYULSIMZJJ-UHFFFAOYSA-N	C15H26O3
CCCC1COC2(O1)CCC(CC2)C(C3CC3)O	123699854	VARQXNWUXKEJGZ-UHFFFAOYSA-N	C15H26O3
CCCCOC(=O)C(=CC1CCCCC1)COC	140223834	ZGYVSSZMZPVJBS-UHFFFAOYSA-N	C15H26O3
CC1([C@H]2C[C@@H]1C(CC2COC(=O)C(C)(C)C)O)C	153411307	GQVGIXWYVFNBIV-LVFLEHKBSA-N	C15H26O3
C[C@H]1CC[C@@]2([C@@H](O2)C3([C@H]1CC[C@]3(C)O)O)C(C)C	11139693	RVUOKEAXBYPMTK-CBVGONHWSA-N	C15H26O3
CCCCC(CC)COC(=O)C12CCCC(C1)O2	140327515	NRPHFGJEFIUYAI-UHFFFAOYSA-N	C15H26O3
CC1=CCC(CC1)C(C)(/C=C/C(C(C)(C)O)O)O	6439080	LWZJOPWOCKMHSC-MDZDMXLPSA-N	C15H26O3
CC(C)(C)C1CCC(CC1)C2C(CCO2)C(=O)O	104575992	NJPXEIXGCZUTPS-UHFFFAOYSA-N	C15H26O3
CC/C=C/C=C/C(CCCCCCCC(=O)O)O	5318313	VXHGIEDDPCHAEB-GJIPYRLRSA-N	C15H26O3
CCCCCC1=C(CCC1CC(=O)OCCC)O	147185932	CAMFSHXYUGFZEL-UHFFFAOYSA-N	C15H26O3
C[C@@]12CCC[C@]([C@H]1CC(=C(CO)CO)CC2)(C)O	146682637	JBXXDJKFQDESAJ-KKUMJFAQSA-N	C15H26O3
CCOC(=O)CC(=O)C1CC(CC(C1)(C)C)(C)C	69185806	MZTNCNZCSLBABR-UHFFFAOYSA-N	C15H26O3
C[C@]12C[C@H]([C@H](C=C1CCC[C@@H]2OC(C)(C)C)O)O	15386602	KDRXCWXFTDEYIW-XFMPKHEZSA-N	C15H26O3
C=CCCCCCCCCOC(=O)CCOC=C	154376508	JCPGQHWJENYMPU-UHFFFAOYSA-N	C15H26O3
C[C@@H]1[C@@H]2[C@@H](C[C@@H]3CCCC[C@H]3[C@@H]2CO)[C@@H](O1)OC	69956726	KGEKVIZSTNHHRV-UCGZNOEMSA-N	C15H26O3
CC(C)[C@]1(CC[C@@]([C@@H]2CC[C@@](C2=C1)(C)O)(C)O)O	102235528	AWHFDICMLWAOHN-NMFUWQPSSA-N	C15H26O3
CCCC1(CC(C1)(C(=O)C)C(=O)OCC)CCC	79560510	RCJOWYUEDGINBN-UHFFFAOYSA-N	C15H26O3
CC(C)CC(=O)O[C@@H]1CC2CC[C@]1(OC2(C)C)C	10956119	UCNYDZXHJMXEER-AADWAWOOSA-N	C15H26O3
C[C@@H]1[C@H](C[C@]2([C@@]1([C@@H]3CC(C[C@@]3(C2)O)(C)C)C)O)O	132365	MXIZCSZWQVEQQV-DWJLGYRFSA-N	C15H26O3
CC(C)C1CCC2(C1(CC(C(C2)O)C(=O)C)O)C	5197964	JBUVDZNSKXFWKY-UHFFFAOYSA-N	C15H26O3
CCCCC#C/C(=C\C(CC)O)/CCOCOC	101650056	ZVOUHFGSAXTEGR-WYMLVPIESA-N	C15H26O3
CC(=C[C@H]([C@@H](/C(=C/CC[C@@](C)(C=C)O)/C)O)O)C	10978008	ZPLCNGYUGKKSLT-HFZMJHQJSA-N	C15H26O3
CC/C=C/CCCCOC1=CCC(CC1)C(O)O	148942970	POGUWYINKJJIGN-ONEGZZNKSA-N	C15H26O3
CCCCCCCC/C=C\[C@H](/C=C\C(=O)OC)O	44243841	ORATUHKMXNIGNJ-JWXRHFNHSA-N	C15H26O3
C1CCCC/C=C/CCOCC(=O)OCCCC1	70027695	KTRNKTOXBNJJPE-SOFGYWHQSA-N	C15H26O3
CCOC(=O)[C@](C)(CC=C(C)C)C(=O)C(C)(C)C	87388198	VJJWGBOUYUOUMO-OAHLLOKOSA-N	C15H26O3
CCCCCCOC(=O)C1C(O1)C2CCCCC2	22934253	WSRXTSNNKPWRAL-UHFFFAOYSA-N	C15H26O3
CCCCCCCCCCCCC1C(=O)OC1=O	151696856	RDTAURRZFWSNLS-UHFFFAOYSA-N	C15H26O3
CCCCCC(C=C)C(C)(C(=O)C)C(=O)OCC	146162223	VATRQHQPQSZBIV-UHFFFAOYSA-N	C15H26O3
CCC1CCCC2(CC1)C(O2)(CC)C(=O)OCC	79297919	DSMLBLRSMDLHCL-UHFFFAOYSA-N	C15H26O3
C1CC(CCC1CCOC2CO2)COCC3CC3	89911940	KKTTVFKZWYQAPT-UHFFFAOYSA-N	C15H26O3
C/C(=C\CO)/CC/C=C(\C)/C(C1CCCCO1)O	122511253	CIJSFULQYXXTMI-VISQASBUSA-N	C15H26O3
C1CCCC(CCC1)(CCC2CCCO2)C(=O)O	80609729	AOUDZSPELJAFQX-UHFFFAOYSA-N	C15H26O3
C/C/1=C/CC[C@]2([C@@H](O2)[C@@H]([C@@H](C[C@@H]1O)C(C)C)O)C	102437635	FZZFJVLHVDVIKW-MTQCPSSDSA-N	C15H26O3
C[C@H]1[C@@H](C[C@@H]2[C@H]1[C@@H]3[C@@H]([C@@]3(C)CO)CC[C@@]2(C)O)O	122211387	DPIHDXXCXGFSJX-DYSYMWPPSA-N	C15H26O3
C/C/1=C/[C@@H](C([C@H](CC[C@]2([C@@H](O2)CC1)C)O)(C)C)O	101634362	IMBAYQQNSVAVMY-CIRPWKMMSA-N	C15H26O3
CCCCCCCCC1C(CC2C1CC(=O)O2)O	76594842	CYIXFXFEPORWIT-UHFFFAOYSA-N	C15H26O3
C1CCCC(CC1)OC(=O)OC2CCCCCC2	14619903	ZKPAPYUSLATAMS-UHFFFAOYSA-N	C15H26O3
CC(OCCC1CC2CCCC(C2)C1)OC(=O)C	148808957	OPNIJONNTOJVQI-UHFFFAOYSA-N	C15H26O3
COC(CC[C@@H]1CCC[C@]1(C2=CCCC2)O)OC	10729636	HNKNLLFSLPZPQU-DZGCQCFKSA-N	C15H26O3
CCCC1CCCC2C1O[C@@H]3C2C([C@@H](C3)O)CO	148312962	ZSNVYXFUQLVNQV-VLRBPTCLSA-N	C15H26O3
CCOC(=O)C1C2(O1)CCCC(CC2)C(C)(C)C	65917601	BBWNSIVLRAKDIV-UHFFFAOYSA-N	C15H26O3
C[C@H]1CCCCCCCCC[C@@H](/C=C\C(=O)O1)O	102006987	SEPVNQPKPJCPAX-HFOMYUCASA-N	C15H26O3
CC1(C[C@@H]([C@]23[C@H]1CC[C@](C2)([C@@H](CC3)O)CO)O)C	16091569	JPTKHPFZGJJGML-OEMOEHNSSA-N	C15H26O3
C/C(=C\COC1C(CCCC1(C)C)(C)C)/C(=O)O	68749073	ZOCQPMZXCAUBDD-YRNVUSSQSA-N	C15H26O3
CC.CC.COC1=CC(=CC(=C1OC)OC)C=C	142222220	POJWCABXMZYXQC-UHFFFAOYSA-N	C15H26O3
COC1(CCC1)C(C2CCOC3(C2)CCCC3)O	113555203	YSKSUTRWMBLILN-UHFFFAOYSA-N	C15H26O3
CC=CCCCCCCCC(=O)CCC(=O)OC	134293885	UBBFIYRPLFGHHU-UHFFFAOYSA-N	C15H26O3
CCCCCCC(=O)C1CCOC2(C1)CCOC2	115787909	NZYJAWXHZBJUAS-UHFFFAOYSA-N	C15H26O3
C[C@@H]1CC[C@]2(O1)C(CCCC2(C)OC(=O)C)(C)C	90473701	LTAWGWRPOGXHBD-QTWGFKIWSA-N	C15H26O3
CCCC(C)(C1CCOC2(C1)CCCC2)C(=O)O	79901465	FLASOGRWIMEKNE-UHFFFAOYSA-N	C15H26O3
CC1CCCC(C1C)(C(=O)O)OC2CCCCC2	150955939	LLBYSFREKLHOGM-UHFFFAOYSA-N	C15H26O3
CCCCOC(=O)/C=C/C1CCCCC1CCO	146162895	IBWZARCRQDZUMB-CMDGGOBGSA-N	C15H26O3
CCOC1(CCCC(C1)C)C(C2=CCCCO2)O	113721081	NIYDNVDPYOBGTC-UHFFFAOYSA-N	C15H26O3
CC1(C(O1)CCC2(C(O2)CCC(C)(C=C)O)C)C	58725485	TUOVDYDXMVZZMJ-UHFFFAOYSA-N	C15H26O3
COC(C1CCCCC1)C(=O)CCC2CCCO2	113560377	HXFLTRYQNBPUAP-UHFFFAOYSA-N	C15H26O3
C/C/1=C\[C@H]([C@@H](CCC(=C)[C@H](CC1)O)C(C)(C)O)O	15479892	VFQLUDQXKLLHAN-LTNQLONOSA-N	C15H26O3
CC1CC(C2C1CC3C(CC2(OC3(C)C)C)O)O	12304811	HMTVXYYWICMXMY-UHFFFAOYSA-N	C15H26O3
CC12CCCCC1(C(=O)CC(C2C(C)(C)O)O)C	101648337	ZVBAMOXOYURECR-UHFFFAOYSA-N	C15H26O3
CCCCCCOCCOC(=O)C1CCC=CC1	70022919	QYYVCCMAIIAWOZ-UHFFFAOYSA-N	C15H26O3
CCCCCCC1(OC=CO1)C2(CC2)CCCO	141007658	SLSHRAPCPDVWCN-UHFFFAOYSA-N	C15H26O3
CCC(=O)CC(=O)OC1CCCC(C1)(C)C(C)C	90810483	FLYBNJZCOBCWAM-UHFFFAOYSA-N	C15H26O3
CC1=CC[C@@H](CC1=O)[C@H](C)CC[C@@H](C(C)(C)O)O	139587949	VNBYKHYGJHIDKK-OSMZGAPFSA-N	C15H26O3
C[C@H]1CCC=C[C@H]1COCCCC[C@@H](C)C(=O)O	148745245	ODPUYQMYSOALIK-MJBXVCDLSA-N	C15H26O3
CC(C)(C)OC1C2C(C3C1C3C2CCO)CCO	101385543	YAEATGGAKNXBCX-UHFFFAOYSA-N	C15H26O3
CC(=O)CCCCCCC(=O)CCCCC(=O)C	58184411	ZCEONKDLVVAPKZ-UHFFFAOYSA-N	C15H26O3
C[C@@H]1[C@@H]2C[C@@H](C[C@H]([C@@H](C2=C[C@@H]1O)C)O)C(C)(C)O	102086103	UZOYGMJHQORUBU-XPHFHVISSA-N	C15H26O3
CCC(=CC1(C(C1(C)CC)C)C(=O)OC(C)O)C	70841613	COSMASAUYLZTIA-UHFFFAOYSA-N	C15H26O3
CCOC(=O)CC(=O)CCCCCCC=C(C)C	101195299	LXJBNUHDFDQINI-UHFFFAOYSA-N	C15H26O3
C[C@@H]1CCC[C@H](C1)[C@@](C2CCCCC2)(C(=O)O)O	92249191	MBMAQAGQHBXDMT-KYOSRNDESA-N	C15H26O3
CCCCCC[C@@H]1CCCCC2C(O1)CC(=O)O2	101130249	MPEXIACBSLWSHB-IYXRBSQSSA-N	C15H26O3
CC(C)C1=C[C@H]2[C@@H](CC[C@]2(C)O)[C@](CC1)(CO)O	100942758	IBEULDMGWROYNC-QPSCCSFWSA-N	C15H26O3
CCOCC(=CC1CCCCC1)C(=O)OC(C)C	140223700	XMTWKQFNQZPGON-UHFFFAOYSA-N	C15H26O3
CCC(C1CCC(C1/C=C/C(=C/CO)/C)(C)O)O	88106321	LYQIOUQVAUZAMM-BXROQLSZSA-N	C15H26O3
CCOC(=O)C(C(C)C)C(=O)C1CCC(CC1)C	61868374	ZOMKLENSISEZEV-UHFFFAOYSA-N	C15H26O3
C[C@]12CC[C@@H]3[C@H](CC3(C)C)[C@@](C1)(C[C@@H]([C@H]2O)O)O	53494104	FYJNMICPGMMEHR-PUUNCGEASA-N	C15H26O3
C/C=C/CCCCOC(=O)OCCCC/C=C/C	87574900	VZBZXOMHKJOVDZ-GGWOSOGESA-N	C15H26O3
CC(C)OCC(=O)C1CCOC2(C1)CCCCC2	113682730	QCWIOSRZZGMNOV-UHFFFAOYSA-N	C15H26O3
C[C@@]1(CC[C@H](O1)C(C)(C)O)/C=C\CC(C)(C=C)O	101805520	BAEXUXXJQFAXLI-NFVXBTOVSA-N	C15H26O3
C[C@@H]1CC[C@H]([C@@H](C1)OC(=O)[C@H]2C[C@@H]2CO)C(C)C	153202494	WKEMTCDXRDGGFG-PEBLQZBPSA-N	C15H26O3
CC(CC[C@@H]1[C@@]2(CC[C@H](C1(C)C)O2)C)OC(=O)C	51008553	YYHBXKFIXGECFZ-LLTIUZATSA-N	C15H26O3
CCC(C)C(=O)OC12CCCC(C1)(CC(C2)C)O	68053653	FWSCPQLCBLGBCY-UHFFFAOYSA-N	C15H26O3
CCC(=O)CCCCCC(=O)CCCCC(=O)C	154620463	HWBUBJHUWXSUTI-UHFFFAOYSA-N	C15H26O3
CC(C)(C)C1CCC2C(C1C(C)(C)C)OC(=O)O2	139483300	BJXPBJHFIQHGCF-UHFFFAOYSA-N	C15H26O3
C/C(=C\CC(C)(C)C/C=C(\C)/COC(=O)C)/CO	102004118	JRXZDTOJUGNJIJ-PWHKKFIBSA-N	C15H26O3
CCCC1CCC(C(C1)C2CCCOC2)C(=O)O	113922028	ICIPDNWJEWUKCA-UHFFFAOYSA-N	C15H26O3
C[C@H]1CC[C@]2(O1)C(CCCC2(C)OC(=O)C)(C)C	67195185	LTAWGWRPOGXHBD-NGKXAEKTSA-N	C15H26O3
C[C@H]1CC[C@H]2CCC[C@@H]3C2C(O1)(O[C@@H]([C@@H]3C)O)C	148977881	PVDQMMQLYCHWFT-WZDCTAAMSA-N	C15H26O3
CCC1(COC(OC1)C2CCC3(C(C2)O3)C)CC	59797404	BOOPTUCFIKUISY-UHFFFAOYSA-N	C15H26O3
CC1C(CCCC1OC(=O)C2CCCCC2)OC	154515976	NIBVLHGUYVYYMX-UHFFFAOYSA-N	C15H26O3
CC1=CC[C@@]2([C@H](C[C@@]([C@H]2[C@@H](C1)O)(C(C)C)O)O)C	101821177	OCCLLDUHOVGUFR-FQKPHLNHSA-N	C15H26O3
CC1CCCC(C1)OC(=O)OC2CCCC(C2)C	14619907	KSJKSOGQXQVYAL-UHFFFAOYSA-N	C15H26O3
CC1CC1CC2CC(C(C23CC3)C)C.C(=O)(O)O	67506014	IKNUHDWVYZULGW-UHFFFAOYSA-N	C15H26O3
CCC(=CCOC1CCC(C(C1)C)C)C(=O)OC	77101921	QUCWWGHQMNWKAV-UHFFFAOYSA-N	C15H26O3
CC1CC[C@]2(O1)C(CCCC2(C)OC(=O)C)(C)C	70661871	LTAWGWRPOGXHBD-KWCHVYNWSA-N	C15H26O3
CC(=O)CC(C)(C)C1CCOC2(C1)CCOCC2	79923605	XQNVOMSJNBAZLK-UHFFFAOYSA-N	C15H26O3
CC1(CCC(CC1)(CC2CCOCC2)C(=O)O)C	65389797	TVEIYYPANDBLBW-UHFFFAOYSA-N	C15H26O3
C1CCCC(CC1)(C(=O)CCCC2CCCO2)O	103450363	HTTUFFHKBMZTKC-UHFFFAOYSA-N	C15H26O3
C[C@@]12CC[C@](C[C@H]1C(=C)CC[C@H]2O)(C(C)(C)O)O	101405775	KSQOVJRIOVLDOB-MXYBEHONSA-N	C15H26O3
CCOC(=O)CCCC[C@@]1(C[C@H](CC(=O)C1)C)C	101036976	ZFFAWHUEURXILH-SWLSCSKDSA-N	C15H26O3
CCOC(=O)C(C)(C)C(=O)C1CCC(CC1)(C)C	65389872	AWIZLUKTKIQXGE-UHFFFAOYSA-N	C15H26O3
CCCCC1(CCCCC1OC)C=C(C)C(=O)O	69812293	KSYDZXOBZVNNAC-UHFFFAOYSA-N	C15H26O3
C[C@]12CCC([C@@H]3[C@H]1CC[C@@]([C@@H]3OC2O)(C)O)(C)C	100960044	IRGBIHVILQTYMN-MPJBQTDXSA-N	C15H26O3
C[C@@H]1/C=C(\COCCCCC/C=C/[C@@H]([C@H]1O)O)/C	67765221	BBNDLBUMZVCGME-BHGMFZNSSA-N	C15H26O3
CC(=C)C(=O)OCCCCC1CCCC(C1)CO	139896773	KISVXGJWCUYPDN-UHFFFAOYSA-N	C15H26O3
C[C@@]1(CC[C@H]2[C@H](C2(C)C)[C@@H]3[C@@H]1C[C@H]([C@@]3(C)O)O)O	16091541	AZZJOWDXPGWOCM-RVXSEFIVSA-N	C15H26O3
COC1CCCC(C1)OC(=O)CC2CCCCC2	78841877	CTRIAXWKUWSYHT-UHFFFAOYSA-N	C15H26O3
CCOC1(CCOCC1)C(=O)C2CCC(CC2)C	113560104	DUGIERDUCHSICE-UHFFFAOYSA-N	C15H26O3
CCC1CCC(CC1)OC(=O)C2CCC(CC2)O	148259660	CEECJPQGWWHNTM-UHFFFAOYSA-N	C15H26O3
CCCCCCCCOC(=O)C1CCC2C(C1)O2	59735545	QEALJJJKFNEYKG-UHFFFAOYSA-N	C15H26O3
CCCC1CCC(CC1)(C2CCOCC2)C(=O)O	79428463	YLTNYBXWDYKCOR-UHFFFAOYSA-N	C15H26O3
CCC/C=C(\C(=O)C)/C(=O)OC(C)(C)C(C)CC	126565568	PAQSYZXSUJZGJG-JLHYYAGUSA-N	C15H26O3
CC1CCCC(C12CCC(O2)(C)OC(=O)C)(C)C	71295085	VPFGHPKLBQOTOG-UHFFFAOYSA-N	C15H26O3
CC1C2(COC(O1)(OC2)C3CCCCC3)C(C)C	19904376	OUZLAZVCHDEWEQ-UHFFFAOYSA-N	C15H26O3
CCCCCCCC1C(O1)CC2C(O2)CC3CO3	123430613	NFEBELNNYLGMTD-UHFFFAOYSA-N	C15H26O3
C=CC(=O)CCCCCCCCCCCC(=O)O	58220534	PPAVJQNOVPEOAD-UHFFFAOYSA-N	C15H26O3
CC(=CC(CC(C)(C1CCC(O1)(C)C=C)O)O)C	129845810	MCUKPDAJWSZHPQ-UHFFFAOYSA-N	C15H26O3
CC(C)[C@@]1(CC[C@]2(C1[C@H](C[C@@]3([C@H](C2)O3)C)O)C)O	101719091	ZCDLQSJEDFNXTD-VLYOKJRKSA-N	C15H26O3
CC1=CC(CC1)(CCCCOC2CCCCO2)O	117069702	DZHJJXWHPOXXNY-UHFFFAOYSA-N	C15H26O3
CC(C)[C@]1(CC[C@@]2(CC[C@@H]([C@@]2(C1)C(=O)C)O)C)O	139205197	GBTSMXGEIGCAHS-BYNSBNAKSA-N	C15H26O3
CC1(CC(C(O1)(C)C)C(=O)C2(CCCC2)OC)C	114622542	NBKGTPIENHWMMD-UHFFFAOYSA-N	C15H26O3
CCOC(C[C@@H]1C[C@H]2CC[C@@]1(C=C2)OC)OCC	94037415	KPBRKGSARDMUIS-VNHYZAJKSA-N	C15H26O3
C[C@]12CCCC(C1CC=C([C@@]2(CO)O)CO)(C)C	10999616	PZNQIKQMJNHKBD-JQXSQYPDSA-N	C15H26O3
C1CCC[C@@H](/C=C/CCCCOC(=O)CCC1)O	10890462	IDABRAURBSCUPD-OIOXUXFSSA-N	C15H26O3
CC1CC2CC(CC(C1)(C2)O)OC(=O)C(C)(C)C	148524129	MOZMREPSSILUPX-UHFFFAOYSA-N	C15H26O3
CCCC(C1CCC2(CCCC2)CC1)(C(=O)O)O	113638824	DUPWQQCUVBBZTN-UHFFFAOYSA-N	C15H26O3
COCCCC(=O)OC1CCC2CCCCC2C1	102556427	REVMRPMUHJASAP-UHFFFAOYSA-N	C15H26O3
CC(C)(C)C1CC23CCCOC2(OCCC3)OC1	21055252	QIJMBXZZHZHBPJ-UHFFFAOYSA-N	C15H26O3
CCCC1(CC1)COC(=O)OCC2(CC2)CCC	138684956	UWOSDTVNXZMOGE-UHFFFAOYSA-N	C15H26O3
CCCCCC(/C=C/C=C\CCCC(=O)OC)O	135055287	LXLJDLISTDWZAL-ZCRLHDOISA-N	C15H26O3
C[C@H]1CC[C@@H]([C@H](C2=C[C@](C[C@@H]12)(C)CO)CO)CO	46872580	CXRTZNIGUJLOOU-SZWZKDINSA-N	C15H26O3
C[C@]12CCCC([C@@H]1CCC(=O)[C@]2(CCO)O)(C)C	71517294	PSCRHMZKRHDJCY-CQDKDKBSSA-N	C15H26O3
CC1=CC[C@@]2([C@H]([C@H]1O)C(CCC[C@@]2(C)O)(C)C)O	101764070	USDCOAWOZYHEKW-MXYBEHONSA-N	C15H26O3
CCCCCC[C@H]1[C@H](O1)C(=C)C(=O)OC(C)(C)C	13312405	QIUCRQQKBXNTBW-QWHCGFSZSA-N	C15H26O3
C[C@@H]1CC[C@H](/C(=C/O)/[C@H]1CCC(=O)C)[C@@H](C)CO	21631205	FFMRIGWMXAZIHQ-WZGJYRFFSA-N	C15H26O3
C[C@@H]1CC(=O)C[C@H]2[C@]1(C[C@@H](CC2)[C@](C)(CO)O)C	101265541	YZFBYSJVMYWMBE-MIBAYGRRSA-N	C15H26O3
C[C@H](C1CC1)C2CC[C@@H]([C@H](C2)OC(=O)C)COC	148192952	KGQGAXCXCDUAGD-SLYWTYHBSA-N	C15H26O3
CC(CC/C=C(\C)/C=O)CCOC1CCCCO1	11322787	QKRUGVBUADUJKT-VGOFMYFVSA-N	C15H26O3
C[C@]1(CC[C@H]2[C@@H]1[C@@H]3[C@@H](C3(C)C)CC[C@]2(CO)O)O	145985613	DPJNFIIBULGARZ-WKKWAXIPSA-N	C15H26O3
CCC1CCC2C3CCC(C3(CCC2(O1)O)C)O	21501186	BJHOTYFYECQPPR-UHFFFAOYSA-N	C15H26O3
CC(=CC(C/C(=C/CC/C(=C/CO)/C)/C)(O)O)C	101770844	BWSJIYHNLOLHNA-CCLLZULESA-N	C15H26O3
CCOC(=O)C(C)(C)C1(CCCC(C1)C2CC2)O	64625259	FLEZTRAQLUGMOM-UHFFFAOYSA-N	C15H26O3
CC(CC1(CCCCC1=O)C)C(=O)OC(C)(C)C	10956118	PYPYOFRFKLHLMW-UHFFFAOYSA-N	C15H26O3
CC1CCC(C(C1)OCC=C(C)C(=O)O)C(C)C	77075208	KLDQUBLRUNVUJX-UHFFFAOYSA-N	C15H26O3
CC1=C[C@H]2[C@@]([C@@H](C1)O)([C@](CCCC2(C)C)(C)O)O	101764069	JCRFALLZSUYDDN-QHSBEEBCSA-N	C15H26O3
CC(C)[C@H]1C[C@@H]2[C@](CC[C@H]([C@@]2(C)O)O)(CC1=O)C	10682388	FJGWZWDCKFMJJX-GZENYHORSA-N	C15H26O3
CC(C)[C@H]1CCC(=C)[C@H](CC[C@@]([C@@H]2[C@@H]1O2)(C)O)O	21769752	OTSHCSVQAGYKBP-QKGCVVFFSA-N	C15H26O3
C[C@H]1[C@@H]2C(C([C@H](C1C)O)C)OC3(O2)CCCCC3	58078769	DEBDWSRVHWWRPX-OPUFESRSSA-N	C15H26O3
CCCC1(C2(O1)CCCCC2(C)C)C(=O)OCC	83047213	WTTFBNTZOWIFFR-UHFFFAOYSA-N	C15H26O3
CCCCCC1C(CC=C1CC(=O)OCCC)O	117676051	RYJYICPVASDEDS-UHFFFAOYSA-N	C15H26O3
C[C@H]1CCC2(C[C@H](C[C@H](O2)C=C)O)O[C@@H]1C(C)C	135046091	CDUDMJRLRURVLJ-UUWGUWTESA-N	C15H26O3
CC(CC/C(=C\C(=O)C)/C)OCCC(C)(C)C=O	89286446	SWPHDBOXXLZENB-BENRWUELSA-N	C15H26O3
C[C@@H]([C@H]1CC[C@@H]2[C@@]1(CCCC2=O)C)C(OC)OC	59153470	FXUVMZRJUQLXGF-OZTPJHRESA-N	C15H26O3
CCCCCCCCC#C/C=C/OC[C@H](CO)O	100933667	XZTOEFLTNWTMHZ-RUMSDORHSA-N	C15H26O3
C1CCC(CC1)C2CCOC(C2)C3COCOC3	134372266	SYYKDHHGSHEXPS-UHFFFAOYSA-N	C15H26O3
CC(=C)C(=O)OCCCCCCCCCOC=C	139636261	YHKIDALKSCYNCU-UHFFFAOYSA-N	C15H26O3
CCCCC(=O)OC(/C=C(\C)/CCC=C(C)C)O	141005392	WZVTWYIJYSNURA-ACCUITESSA-N	C15H26O3
CC1=CC[C@H](CC1)[C@](C)(CCC=C(CO)CO)O	15939809	HRMZZKBWMUXWAR-CABCVRRESA-N	C15H26O3
CC(CCCC(=CCC(CO)C(=C)C)C)C(=O)O	71405139	GRLWJUVQYWFKEO-UHFFFAOYSA-N	C15H26O3
CCCCCCC1=CC(=O)C(O1)(CCCCC)O	139588634	YRBQCHAIEXCUGF-UHFFFAOYSA-N	C15H26O3
CC=CCCC(=O)C(C)(C)[C@@H]1CCOC(O1)(C)C	69991010	XFIVZCSQNJVIFS-ZDUSSCGKSA-N	C15H26O3
CCCC[C@H](CC)COC(=O)[C@@H]1CC[C@@H]2[C@@H](C1)O2	98048635	ABAMRJVWDHJBTI-REWJHTLYSA-N	C15H26O3
CC1CCCC(C1)(C2CCCCCC2O)C(=O)O	79426378	PYTTWBAQRZGIJE-UHFFFAOYSA-N	C15H26O3
CC1=C[C@@H]([C@@]2(C[C@H]([C@@]([C@H]2CC1)(C(C)C)O)O)C)O	72713581	URONYSOGRKTWAI-AHDPXTMNSA-N	C15H26O3
CC(C)[C@]1([C@@H]2CCC(=CC[C@]2(C[C@@H]1O)C)CO)O	10682391	OQMGYKWZJSTWIL-CBBWQLFWSA-N	C15H26O3
C[C@@H]1CC[C@H]([C@@]2(C1)OCC[C@H](O2)CC=O)C(C)C	101005481	GMSCIVIWQZKLDN-KBXIAJHMSA-N	C15H26O3
C[C@H]1CC[C@H]([C@@]12C[C@H]([C@@](C=C2)(CO)O)O)C(C)C	139591329	FIQAIBARTVFFLO-SBJFKYEJSA-N	C15H26O3
C/C/1=C/C[C@@H]([C@](C/C=C/C(C[C@H]1O)(C)C)(C)O)O	21726329	UDOORQWVZRZXKH-MDACJPBCSA-N	C15H26O3
CCC.CC1=CC(=C(C=C1)OC)CC(=O)C.CO	145638349	RCRCYNFCXJYKRH-UHFFFAOYSA-N	C15H26O3
CC1CC(CC2(C1)C(O2)(C(C)C)C(=O)OC)(C)C	79297978	YLYJEMUVCHOFJV-UHFFFAOYSA-N	C15H26O3
CCCCCCCCCCC1C(=O)C=CC(O1)O	14641215	ZWUNUXNXAVPNGF-UHFFFAOYSA-N	C15H26O3
CC(C)C(CO)/C=C/C(C)(CC/C=C(\C)/C=O)O	15344584	WGDAVYQMNQCNLD-JXCXEZDWSA-N	C15H26O3
C[C@]12CCCC(=C)[C@@]1(C[C@@H](CC2)C(C)(CO)O)O	10467507	UJAAZUOEEYZOLC-QKGHYUKFSA-N	C15H26O3
CC1=CC[C@@H](C([C@@H]1COC(=O)C(C)(C)C)(C)C)O	72198641	BLZUOYMGRAPGLG-NEPJUHHUSA-N	C15H26O3
C[C@H]1CC[C@]2([C@H](CC[C@H]([C@H]2C1=O)C(C)(C)O)C)O	124430823	VPXCQYIVSHGBLO-QKZHPOIUSA-N	C15H26O3
C[C@H]1CCC2CCC[C@@H]3C2C(O1)(O[C@@H]([C@@H]3C)O)C	148977880	PVDQMMQLYCHWFT-PWAWTCNNSA-N	C15H26O3
C[C@]12CCCC([C@]13[C@@H](O3)C[C@@]([C@@H]2CO)(C)O)(C)C	101169345	JLCDLUUTHCFKGL-OBRUSBNWSA-N	C15H26O3
CC1(CC(C(O1)(C)C)C(=O)C2(CCCCO2)C)C	114622510	MNIJJJAOJNBVPX-UHFFFAOYSA-N	C15H26O3
CCOC(=O)C(C)OC1CC2CCC1(C2(C)C)C	80391424	TZUSQAWZUHGTNX-UHFFFAOYSA-N	C15H26O3
CCCCCCCCC/C=C\1/[C@@H]([C@H](OC1=O)C)O	14259074	QSSHGBYNUZHOCF-AQZADRIDSA-N	C15H26O3
C[C@]12CCCC(C1[C@@H]([C@H]3[C@@]([C@@H]2CO)(O3)C)O)(C)C	11172836	CQPOKEOPVJGEOP-UBSNVAGSSA-N	C15H26O3
CCC[C@@H]([C@H]1COC2(O1)CCCCC2)OCC=C	141885165	GGHYDXYMKBARPK-UONOGXRCSA-N	C15H26O3
C[C@H]1CC[C@@H]([C@H]2[C@@H]1CC[C@H](C2)O)[C@@H](C)C(=O)OC	22298343	AGFLYGZXESDTIV-YHBOFVJASA-N	C15H26O3
CC1=CC[C@H]([C@]2([C@H]1C[C@@](CC2)(C(C)(C)O)O)C)O	101405774	JYAFOWYMYJPOAV-MXYBEHONSA-N	C15H26O3
CCCCCC(=O)C(C(=O)CCC)C(=O)CCC	150989093	LRSPGFHBPGFYOG-UHFFFAOYSA-N	C15H26O3
CC(CCCC1=CCCCO1)OC2CCCCO2	86258087	HXLMBFIIFITXMS-UHFFFAOYSA-N	C15H26O3
CC(C)OC(=O)CCCCCCCC(=O)C(=C)C	58451780	FKZRLIYUXQZLNQ-UHFFFAOYSA-N	C15H26O3
CCCOC(=O)CCCCC(=O)C1CCCCC1	57126475	SRIPXPZFQMLLDO-UHFFFAOYSA-N	C15H26O3
CC(C)CCC1CCC(CC1OC(=O)C(=C)C)O	18945547	PISMUIKNTLPALX-UHFFFAOYSA-N	C15H26O3
CC1CC(CC(C1)(C)C)OCC(=O)C2CCOC2	104751819	OSTFCAMFSYVYGH-UHFFFAOYSA-N	C15H26O3
CCCCC/C=C\[C@@H]1[C@H](OC(=O)O1)CCCCC	101744858	ACCPRGARQZCKAH-HVDISPMTSA-N	C15H26O3
CCOC(=O)CCCCCC[C@@H]1[C@H](CCC1=O)C	14183987	KXUSWXXLGLCNEG-QWHCGFSZSA-N	C15H26O3
CC1C(CCO1)(C2CCOC3(C2)CCCCC3)O	82717319	ZCGKWMMJJCSXQD-UHFFFAOYSA-N	C15H26O3
CC(C)C(=O)CC1CC(CC1=C)(COC)COC	10944984	JBSLXLDKZRCFBG-UHFFFAOYSA-N	C15H26O3
[2H][13C]([2H])([2H])[C@@]1(CC[C@H]2[C@@H](CC[C@H]([C@H]2C1)[C@@H](C)C(=O)O)C)O	11172957	HSOPBTCGSYKCGY-AQAKWVPGSA-N	C15H26O3
CC(=O)OC1CCC(CC1)CC2CCCCC2O	147801041	VLODVZSLTIHTHS-UHFFFAOYSA-N	C15H26O3
CCC.CCCC1=CC(=C(C(=C1)OC)OC)OC	142928467	SWRKLUBYFAGOHJ-UHFFFAOYSA-N	C15H26O3
CCOC1CCC2C3CCC(CC3OC2C1)OC	146331062	PQNYYIQTSSBZQN-UHFFFAOYSA-N	C15H26O3
CC1CC(CC(C1)(C)C)/C(=C(\C)/C(=O)O)/CCO	118339756	HPBIGYVAFAUIIF-ACCUITESSA-N	C15H26O3
CC1(CCC(C1)(C2CCOC3(C2)CCOC3)O)C	80700268	AJHOGRPRJJRQDO-UHFFFAOYSA-N	C15H26O3
C[C@H]1C[C@]2(C[C@@H]3C[C@@]3([C@H]2O1)OC(C)C)OC(C)C	58231560	CSOHRHBENVFDLX-XPABHHOTSA-N	C15H26O3
CC(=C)CO/C=C(\C)/CCCOC1CCCCO1	57829357	FCZCEZWJMBOCNI-WYMLVPIESA-N	C15H26O3
CCCCC(CC)CC(=C)C(=O)OCOCC=C	87095249	SIQCLGHXGYDPQD-UHFFFAOYSA-N	C15H26O3
C[C@]12CC[C@](C1)(C[C@@H]([C@@H]3[C@@H]2C[C@@]3(C)CO)O)CO	71725616	SHSNTODRLKTUIV-WCBJTDJXSA-N	C15H26O3
C[C@]1(C[C@H](/C=C(\CC[C@@H]2[C@@H]1CC2(C)C)/CO)O)O	101006438	ORSSQRSRYXGDHA-XIVRBQJWSA-N	C15H26O3
CC(=C)COCCCCOCC1CCC2C(C1)O2	132146986	TYZJGWASNDUVIB-UHFFFAOYSA-N	C15H26O3
COC1(CCCC1)C(C2CCOC3(C2)CCC3)O	104610402	ABRLKIRPODUEMI-UHFFFAOYSA-N	C15H26O3
C[C@@H](CCC(C(=C)C)OO)[C@H]1CCC(C=C1)(C)O	101705719	MQUYAXFTHLPUMP-ZUJMUWTESA-N	C15H26O3
CCCCCC[C@H]1CCCC[C@@H]2[C@H](O1)CC(=O)O2	101155132	MPEXIACBSLWSHB-BFHYXJOUSA-N	C15H26O3
CCOC1C[C@@H]2CC3(C[C@@H]2C1)OCC(CO3)(C)C	90136981	IXRSBPQUWZQUMB-FUNVUKJBSA-N	C15H26O3
C[C@H]1C2CCC[C@@H]([C@]2(CCC13OCCO3)C)OC	152839819	SYMXVFKDMRUDGZ-FTKZKSHWSA-N	C15H26O3
CC1(C2CC3C1(C3C2)C)CC[C@H]([C@@](C)(CO)O)O	101574481	PNIJHWNVHXUOAM-JYVVNMLSSA-N	C15H26O3
CCCCC1CCC2C[C@@H](CC[C@@H]2C1)OC(=O)O	70559314	REBXVTCJAGOTKP-FKZOYECMSA-N	C15H26O3
CC1COCCC1C(C2CCOC3(C2)CCC3)O	114242053	YRYIWZTWIZUUOI-UHFFFAOYSA-N	C15H26O3
C1CC(=O)CCC1CCCC2CCC(CC2)(O)O	21052157	ZRAGZHVHTVFUPN-UHFFFAOYSA-N	C15H26O3
[3H]O[C@@]12[C@@H]3[C@@](C([C@@H](O3)C)(C)C)(C([C@@H]1C2(C)C)(C)C)O[3H]	58231559	IPRQDIYOYTWTOX-NIUSWQRKSA-N	C15H26O3
C[C@]12CCC([C@@H]3[C@H]1CC[C@@]([C@@H]3O[C@H]2O)(C)O)(C)C	139056327	IRGBIHVILQTYMN-RJHCMKNPSA-N	C15H26O3
CCC1CCCC(C1)(C2CCCCC2O)C(=O)O	79428954	BOVRJUROGNWNRK-UHFFFAOYSA-N	C15H26O3
C[C@@]12CCCC(=C)[C@]1([C@H]([C@H](CC2)C(C)(C)O)O)O	132497944	AOMWFHLGGQJQBA-NZBPQXDJSA-N	C15H26O3
C[C@]12CC[C@@H](C([C@@H]1CCC3(C2)OCCO3)(C)C)O	101702003	LTTFADDJRFISMC-SGMGOOAPSA-N	C15H26O3
C1CCCC(CC1)CCCCCC2(CO2)C(=O)O	20471757	FYNROKMGVAAHBB-UHFFFAOYSA-N	C15H26O3
CCC1(COC1)CCCCCCOC(=O)C(=C)C	140041653	LVMKOVAWKIPGPE-UHFFFAOYSA-N	C15H26O3
CC(C)OCC(=O)OCC=C(C)CCC=C(C)C	73860933	RXNOHLXHJORQJT-UHFFFAOYSA-N	C15H26O3
C/C(=C\CO)/CC/C=C(/CC/C=C(\C)/CO)\CO	87477157	MOFGXPKHCUZJEB-TVVOFDSQSA-N	C15H26O3
CC(=C)C(OC)OOC1(CCC2CC1C2(C)C)C	53851091	GPWLILLTALYZRP-UHFFFAOYSA-N	C15H26O3
C[C@]12CC[C@H]([C@](C1)(CC[C@@H]3[C@@H]2C[C@@]3(C)CO)O)O	53493184	VMVKEYTXBMWYNB-BYGOPZEFSA-N	C15H26O3
C1CCC2CC(CCC2C1)C3CC(C(O3)CO)O	22897723	FRKKXOKNKWYTLK-UHFFFAOYSA-N	C15H26O3
CC1C(=O)OCCCCCCCCC/C=C\CO1	69992797	UVWAASIVTQGFCL-NTMALXAHSA-N	C15H26O3
CCCCC[C@@H](/C=C/[C@@H]1[C@H]([C@H](CC1=O)O)C)OC	117945210	NPGACTCSOYKFND-HLYWPPSTSA-N	C15H26O3
C[C@H]1CCCCCCCCC[C@H](/C=C\C(=O)O1)O	102006985	SEPVNQPKPJCPAX-BFPJXGRPSA-N	C15H26O3
CC(C)C1CCC2(C(C1O)C(=C)CC(C2O)O)C	22298407	QZZPVQAAGDDIRD-UHFFFAOYSA-N	C15H26O3
C[C@@H]1CC[C@H]([C@@H]2[C@H]1CC[C@@H](C2)O)[C@H](C)C(=O)OC	640673	AGFLYGZXESDTIV-ORWNZLQRSA-N	C15H26O3
CC(=O)OCC12CCCC(C1)CC(C2)CCOC	126548329	UQFJRHXYNWQENS-UHFFFAOYSA-N	C15H26O3
CCOC(=O)C(C)C(=O)CCCC1CCCCC1	139977700	IIYILOJJDAKXFI-UHFFFAOYSA-N	C15H26O3
CC(C)[C@@H]1CC[C@@]2([C@H](CC[C@@]3([C@@H]2[C@@H]1OC3)O)O)C	102302769	DGSJEBACFKCMCK-BBZRCZKMSA-N	C15H26O3
CC(C1CCC(C2C1CCC2)COC)OC(=O)C	143100229	NYLOHXJQUIMXIC-UHFFFAOYSA-N	C15H26O3
CC1(C(O1)CCC(C)(C2CCC3(C(C2)O3)C)O)C	143374562	RBSDWDWZFQBPNL-UHFFFAOYSA-N	C15H26O3
CC(CCC(C)(C)OC)C/C=C/C(=C/C(=O)O)/C	21558033	HFUOCBOQVCFCID-VAFZVJGJSA-N	C15H26O3
CCCC(C)(CC1CCC2(O1)CCCC2)C(=O)O	113750664	UKXRGICZKNNLJW-UHFFFAOYSA-N	C15H26O3
CCC1(C(C(=C(O1)C)C(=O)OC)(C)C)CC(C)C	20191522	QQFNPTDXIBDTOO-UHFFFAOYSA-N	C15H26O3
C[C@H]1C[C@H](C[C@@H](O1)CC[C@H](C)/C=C(\C)/C=O)OC	10824856	MLEPDRHSPZWQCF-YTXGSDSISA-N	C15H26O3
CCC1(C2CCCC1CC(C2)CCO)OC(=O)C	148822179	ORZUJXJMTGBJRB-UHFFFAOYSA-N	C15H26O3
CC1([C@@H]2CC=C([C@H]1C2)CCOOC(C)(C)OC)C	10377621	NKNSZYHRPNHCIT-CHWSQXEVSA-N	C15H26O3
C/C(=C/CO)/CC/C=C(/C)\C(C1CCCCO1)O	122511252	CIJSFULQYXXTMI-WRGJJRIXSA-N	C15H26O3
CC1(OCC(O1)CCCCC2CCCC(=O)C2)C	15091677	SEKDESXXJXUNOT-UHFFFAOYSA-N	C15H26O3
C[C@]12CC[C@H](C(=C)C[C@@H]1C(C[C@@H]2O)C(C)(C)O)O	21726331	YDWQUGFNJYNSAG-QTFMQBAUSA-N	C15H26O3
CC1(O[C@@H]([C@@H](O1)[C@](C)(C=C)O)C2CCCCC2)C	44550902	CXBPNMJEWHBOID-NFAWXSAZSA-N	C15H26O3
C[C@]12CC[C@@H](C([C@@H]1CC[C@@]([C@@H]2C=O)(C)O)(C)C)O	140229637	QWPQEKDXGDAHGS-CUZKYEQNSA-N	C15H26O3
CC1C(C2CC1C3C2CC(C3)OCC(CO)O)C	122645192	UTTMAVOTCWKCAX-UHFFFAOYSA-N	C15H26O3
CC(CCOC=C)(C1CCCCC1)OCC2CO2	140203034	ZUGWDUJCNZIGQR-UHFFFAOYSA-N	C15H26O3
C1CCC(CC1)C(C2CCC3(CC2)OCCO3)O	117698178	BLVOGPSDNXZNTN-UHFFFAOYSA-N	C15H26O3
C[C@@H](CO)[C@H]1CC(=C)[C@H]([C@H](O1)C2CCCCC2)O	101452442	SESNAXJNZKDYSE-ZGKBOVNRSA-N	C15H26O3
CCCCCCC/C=C\[C@@H]1[C@H](O1)CCC(=O)OC	125487223	CNGMEAOERVSHML-YWOVDUEISA-N	C15H26O3
CC(C)C1CCC(CC1)(C2CCCC2O)C(=O)O	79428660	HXUHKTHSQLLTMV-UHFFFAOYSA-N	C15H26O3
CCCC(C(=O)C1CCC(CC1)C)C(=O)OCC	83049892	QXVLYLPSXPRITP-UHFFFAOYSA-N	C15H26O3
CCOC(=O)/C=C/OCCCCCCCCC=C	86757508	QEXIHHBOUNBJAL-WYMLVPIESA-N	C15H26O3
CC1(COC2(CC3CCC2(OC3(C)C)C)OC1)C	101167331	SEGQTLLOXVIWQV-UHFFFAOYSA-N	C15H26O3
CCCCCCCCC(=O)C1(CC1)C(=O)OCC	146628643	JLFDFZCKGCPDQE-UHFFFAOYSA-N	C15H26O3
CCCCCCC#C[C@@H]([C@@H](/C=C/C)OCOC)O	10445037	FLGLDWXJMKOWMD-JGQXMYMFSA-N	C15H26O3
CC1(CCCCO1)C(C2CCOC3(C2)CCC3)O	80683389	PRONZAQFHCVFKY-UHFFFAOYSA-N	C15H26O3
C/C=C(\C)/C(=O)OC1CCCCC(CCCC1)O	88644832	OMUJJMNLXPVWSR-KGVSQERTSA-N	C15H26O3
CCOC(=O)C1(CO1)CCCCC2CCCCC2	54146148	OENKJZWOPHZJIU-UHFFFAOYSA-N	C15H26O3
CC(C1CCCC1)OC(=O)OC(C)C2CCCC2	141213939	RRASUWJUFHSNER-UHFFFAOYSA-N	C15H26O3
CC(=CCC/C(=C/COC(=O)OC(C)(C)C)/C)C	90362268	ZVROHSSMXOIDPT-JLHYYAGUSA-N	C15H26O3
CCCCC(=O)O[C@@H]1C[C@@H]2CC[C@]1(OC2(C)C)C	101195110	KGVDDILWENXVRI-YWPYICTPSA-N	C15H26O3
C.CC.CC(C)OC1=CC=C(C=C1)COC(=O)C	142611243	LXHSNWQBRNURPY-UHFFFAOYSA-N	C15H26O3
CCCCCCCOC1C2CCC(C1CC=O)O2	13714211	QLVYLSKHSRJJSJ-UHFFFAOYSA-N	C15H26O3
CC(C)[C@H]1CCC[C@]2(O1)CC[C@@]3(O2)CCCCO3	139254045	ZFDAKRIDBYJWOF-QLFBSQMISA-N	C15H26O3
CCOC1CCCC1(C2CCCCC2)C(=O)OC	141100977	IFJNQSNIDSUEQN-UHFFFAOYSA-N	C15H26O3
C[C@@]12CC[C@H](C(C3[C@@H]1[C@@H](C[C@@]2(C3O)C)O)(C)C)O	138394955	XFKGEQRMYJCXFK-XPICRWJFSA-N	C15H26O3
CCOC(C1CCCCC1)C(=O)C2CCOCC2	116751220	UPDYYLGASZARII-UHFFFAOYSA-N	C15H26O3
CC1CC(CC(C1)(C)C)OCC2(CC2)CC(=O)O	65496560	GDCOIYQCONDHJN-UHFFFAOYSA-N	C15H26O3
CC(=O)C(C)(C#CCCCCCCCCCO)O	12159720	AUSRLKWSYXLMLG-UHFFFAOYSA-N	C15H26O3
CCCCCCCCC/C=C/1\C(C(OC1=O)C)O	14259073	QSSHGBYNUZHOCF-ACCUITESSA-N	C15H26O3
CCCCOC1CC(OC(C1)CC(=O)C)CC=C	89163791	GDDPRGMKOYKGJV-UHFFFAOYSA-N	C15H26O3
CCOC(=O)C(C1CCCCC1)C(=O)C(C)(C)C	82936252	QCGQQZMUDCZKKL-UHFFFAOYSA-N	C15H26O3
C[C@]12CCCC(=C)[C@]1(C[C@@H](CC2)[C@@](C)(CO)O)O	11345825	UJAAZUOEEYZOLC-TUVASFSCSA-N	C15H26O3
CC1(CC1(CC(C)(C)C)C(=O)OC2CCCO2)C	145132581	VVGRSIPJOBYCGB-UHFFFAOYSA-N	C15H26O3
CCCCC[C@@H]1[C@@H](CCC1=O)CC(=O)OCCC	76961281	IPDFPNNPBMREIF-QWHCGFSZSA-N	C15H26O3
CCCCCCCCC1(CCC2C(C1)O2)C(=O)O	21509435	YQAWSSPVZQSKSB-UHFFFAOYSA-N	C15H26O3
CCOC(=O)C(=C)CCCCOC1CCCCC1	53637641	ADUKNNSTAYDWCR-UHFFFAOYSA-N	C15H26O3
C/C/1=C/C(CC2(C(O2)C(C(CC1)C(C)C)O)C)O	87989803	SIRCULICGXIYIW-YFHOEESVSA-N	C15H26O3
CC(=CCC1[C@@](O1)(C)[C@@H]2[C@@H](CCC[C@H]2OC)O)C	89154707	QTRBGUPNWIOXKF-MLQJFRMTSA-N	C15H26O3
CCCCCCCCCCOC(=O)C1CC1C=O	23073775	WSBZIPDULKMZME-UHFFFAOYSA-N	C15H26O3
CC(C)OC(C)C(=O)C(C)(C)C(C)(C)OCC#C	134458526	JZHTWJQKGQAKTJ-UHFFFAOYSA-N	C15H26O3
C[C@@H]1CC[C@H]([C@@H](C1)OC(=O)[C@@H]2CCCO2)C(C)C	139426526	WSYRQMGOWGRIPS-ZOBORPQBSA-N	C15H26O3
C[C@]12CC[C@H](O1)C(C2COC(=O)C(C)(C)C)(C)C	16724481	TVTXRNPTVPAAIN-CUUPYZDQSA-N	C15H26O3
CC1CCCCC1(C)OC(=O)OC2CCCCC2	140022103	QJXGTKRSFCMFSJ-UHFFFAOYSA-N	C15H26O3
CC(OCC1CC2CCC1(C2(C)C)C)OC(=O)C	58944301	PNGXBGHZHGOLCE-UHFFFAOYSA-N	C15H26O3
C1CCCCC(CC2(CCCC1)OCCO2)C=O	24976496	QAURXLFZCIBWDZ-UHFFFAOYSA-N	C15H26O3
CCC1CCC(CC1)C(=O)C2(CCOCC2)OC	116748714	CTRLNOQBJGAPIY-UHFFFAOYSA-N	C15H26O3
C1CCC2C(C1)CCCC2C3C[C@@H]([C@H](O3)CO)O	10106379	JJZMZBVYTJOGKV-ANGNNELISA-N	C15H26O3
CC1(C2CCC1(C(C2)OC3COCCC3O)C)C	80393612	YMAZGLGMNPSCRD-UHFFFAOYSA-N	C15H26O3
CCCCC#CC1C(CCO1)C(OCC)OCC	3707733	XAVBMXYPDNUCFW-UHFFFAOYSA-N	C15H26O3
CCCC(=O)OCC(=O)[C@]1(CC[C@H](C1(C)C)C)C	7054290	ZISHAZSXGYJZLK-IAQYHMDHSA-N	C15H26O3
CCC1(CC2(CCOC2C)OC1=O)CC(C)(C)C	145641022	HPCZMVUEHRBYLA-UHFFFAOYSA-N	C15H26O3
CC(=CC(C)(C(=O)OCCOC=C)C(C)(C)C)C	89029606	DZMQGHPRCCSUIG-UHFFFAOYSA-N	C15H26O3
CCCCC[C@@H](C#C[C@H](C(C)(C)C)O)OC(=O)C	101165224	KVWRQXUCWQNZKL-UONOGXRCSA-N	C15H26O3
CCCCCC1=C(C=C(O1)CC)CCOCOC	14946516	ZXZZMPJJLIJFFO-UHFFFAOYSA-N	C15H26O3
CC(C)(CC(=O)C1CCOC2(C1)CCCC2)OC	103023392	XJKURSHOMGLCNZ-UHFFFAOYSA-N	C15H26O3
CC(=CCCOC(=O)C1CCC(C1(C)C)(C)O)C	20406605	VVZXSHGODPLNCZ-UHFFFAOYSA-N	C15H26O3
CCC12CC(CC1CCOC2)OC3CCCCO3	140367136	DWTKDUMVRAMULM-UHFFFAOYSA-N	C15H26O3
CCC=CC=CC(CCCCCCCC(=O)O)O	78385095	VXHGIEDDPCHAEB-UHFFFAOYSA-N	C15H26O3
C[C@H]1CCCCCCCC[C@](/C=C\C(=O)O1)(C)O	102006986	RBTXCLZAAHGECJ-QQYFDESBSA-N	C15H26O3
CC1=CCC[C@H](C=C(C1)OC[C@@H](CO)O)C(C)C	126621356	LFCOOWBOWFKDSW-ZIAGYGMSSA-N	C15H26O3
CCOC(=O)C1(CCC(CC1)C)C(=O)CC(C)C	80443418	ZFEISEFPJPPJQR-UHFFFAOYSA-N	C15H26O3
CCC1CCCC(C1)/C=C/OC(=O)OC(C)(C)C	153320448	TWPXNLYXUFQLHT-MDZDMXLPSA-N	C15H26O3
C[C@]12CC[C@@H](C([C@@H]1CC[C@@]3([C@@H]2CO)CO3)(C)C)O	72192555	QNETVHSPKRWWRI-XXUMUBMXSA-N	C15H26O3
C1CCCC(CC1)(C2CCCCCC2O)C(=O)O	79429504	FPVCWGQCGAMOFL-UHFFFAOYSA-N	C15H26O3
C[C@@H]1CCC[C@H](C1)OC[C@]2(CCOC2=O)C(C)C	70423912	ZCMPFAQKBLEOAK-UMVBOHGHSA-N	C15H26O3
CC1=C2CC[C@@H]([C@@H](C[C@@]2(CCC1)C)O)OCOC	10037953	RVVNPFMWQZYZTI-ILXRZTDVSA-N	C15H26O3
CC(=O)OCCCCCCCCC1CCCC1=O	13131531	HTWPEVLIPSIJPK-UHFFFAOYSA-N	C15H26O3
CCC(C(CCOCC=C)OCC=C)OCC=C	138474141	VDUHGJWSJWKZIL-UHFFFAOYSA-N	C15H26O3
C[C@@H](CCCC(C)(C)OC)C/C=C/C=C/C(=O)O	132129696	MSVXUYXJEDKEJS-NECKEDLISA-N	C15H26O3
CCC1(OC[C@@H](O1)CCC2CCCCC2=O)CC	10777353	KOUXOIXHNUWHGF-ABLWVSNPSA-N	C15H26O3
C[C@H]1CC2(C[C@@]1(C)CC(=O)C)OCC(CO2)(C)C	101234486	MEYZYJVOSFHLAR-SMDDNHRTSA-N	C15H26O3
CCOC(=O)C(C)(CC=C(C)C)C(=O)C(C)(C)C	59350097	VJJWGBOUYUOUMO-UHFFFAOYSA-N	C15H26O3
C[C@@]12CC[C@@H]3C(CC3(C)C)[C@@](CC[C@@H]1O)(CO2)O	44566707	UTPNSHYZMZZIIQ-VNQFIEHXSA-N	C15H26O3
CCCC12CCOC(OC1)(OC2)C3CCCCC3	20075606	GRKBHTMNUOCHIS-UHFFFAOYSA-N	C15H26O3
C[C@]12CCC(=O)C([C@@H]1CCC[C@@H]2OCOC)(C)C	68173902	VBCFRQDPSXQMIZ-WHOFXGATSA-N	C15H26O3
CC[C@]1(C=C(C[C@@H](O1)C(C)C)C)CC(=O)OCC	71476101	MHZNBHJQJRJHQU-HIFRSBDPSA-N	C15H26O3
CC(C)[C@H]1CC[C@]2([C@@]1(CC[C@@](C(=O)C2)(C)O)O)C	11459476	DJCIMLRKXWDVEU-NGFQHRJXSA-N	C15H26O3
CCCCCCOC(=O)C12CCCCC1(O2)CC	89580989	SRUAOEJLFSCEFK-UHFFFAOYSA-N	C15H26O3
CC1CCCCC12COC3(CCCCCC3)OO2	11807228	FKXUNDMHFKPCJK-UHFFFAOYSA-N	C15H26O3
CCCCCCC/C(=C\C(=O)OC)/CCC(=O)C	100948746	QZEJNDPMOQFTOY-WYMLVPIESA-N	C15H26O3
CC1(CCC(CC1)C(=O)OC2CCC(CC2)O)C	141771274	CYMWIBOZFLZOJP-UHFFFAOYSA-N	C15H26O3
C[C@]1(CCCCC2[C@@]1(OCOC2)CC3CCC3)O	154572386	LTCYERNKIFJXSE-DMJDIKPUSA-N	C15H26O3
C[C@]1(CCCC([C@@H]2[C@H]1C[C@@H]3[C@]([C@H]2O)(O3)C)(C)C)O	101633262	CZCWCGDLAGUILT-OYFKMHTJSA-N	C15H26O3
CCC(=O)C(=C(CC(C)C)CC(C)C)C(=O)OC	140224415	JNBOJMXIRPXOEV-UHFFFAOYSA-N	C15H26O3
CC(CO)C1CCC(C1/C=C/C(=C/CO)/C)(C)O	88106319	QHAIQWUJMGNORI-LUIVOBPISA-N	C15H26O3
CCOC1CCCCC1(C(C)C)OC(=O)C(=C)C	58734796	OHMXRDIZWFEADN-UHFFFAOYSA-N	C15H26O3
CC=CC(C)CC(C)C(=O)C(C)(C)CCC(=O)O	91228190	MSOPWHYYFSHKGX-UHFFFAOYSA-N	C15H26O3
CCCCCCC[C@H]1[C@H](OC(O1)(C)C)[C@@H](C#C)O	53230771	PUSUTKRXMCHRBR-HZSPNIEDSA-N	C15H26O3
CCCCCCC[C@@H]([C@H]1[C@H](OC(O1)(C)C)C#C)O	53243754	HZLNCRBJVNJGHZ-MJBXVCDLSA-N	C15H26O3
CC(=O)/C=C/CCCCCCCCC1OCCO1	53360251	YWFMIAPMOWLICF-CSKARUKUSA-N	C15H26O3
CC1C(CCO1)C(=O)CCCCC2CCOCC2	114193033	QNXKIOFJFGQCCS-UHFFFAOYSA-N	C15H26O3
CC.CCC(C)C1=CC(=C(C(=C1)OC)OC)OC	141879443	XNNYYWOEYNQQPP-UHFFFAOYSA-N	C15H26O3
CCCCCCC=CC(=O)C(CC(CC)O)C=O	57322828	SSKNQDHZOQNGHM-UHFFFAOYSA-N	C15H26O3
CC(C)CO[C@@H]1C[C@H](C1(C)C)OC(=O)C2CCC2	97015977	XXUUIZIUURZPCJ-CHWSQXEVSA-N	C15H26O3
CCCCCCCCCC=COCOC(=O)C=C	141239019	ZIHTZWOKJLINBY-UHFFFAOYSA-N	C15H26O3
CC(=CC1C(C1(C)C)C(=O)OCCCCCO)C	119036433	UWYHFDCZHVGLRR-UHFFFAOYSA-N	C15H26O3
CCCCCCCCCCCC1=C(CO1)C(=O)O	69794546	VQYMAUNKADTZQN-UHFFFAOYSA-N	C15H26O3
C1C[C@H]([C@H]([C@@H]1C=CCCCCCCO)CC=O)O	88832165	DLTZWOLIXWCZFT-QLFBSQMISA-N	C15H26O3
CCCCCC(CCC1CC2C(C1O)CC2=O)O	20259324	LUAYVTDBBGUQGC-UHFFFAOYSA-N	C15H26O3
CCC(=O)OCCCC(C=O)C1CCCC(C1)C	155227637	JTJZLOSEBJCQGN-UHFFFAOYSA-N	C15H26O3
C[C@@H](CCCC(=O)CC(=O)OC)CCC=C(C)C	10562914	PKBMGNSKHVTISU-CYBMUJFWSA-N	C15H26O3
CCCC1C(C(=O)CC(C1C(=O)OCC)C)CC	151974443	UBJBYVLBTCCUFO-UHFFFAOYSA-N	C15H26O3
C/C(=C\CO[C@H]1CCCCO1)/CC[C@@H]2C(O2)(C)C	93475878	FMBZWMIOKDYASM-NEKXEHSPSA-N	C15H26O3
CCCCCCCCCC(C)C1CC(=O)OC1=O	151897262	SRZQZPMQMFPSJD-UHFFFAOYSA-N	C15H26O3
C[C@@]12CC[C@H](C[C@H]1[C@@](C=C[C@H]2O)(C)O)C(C)(C)O	11482218	ZUGMWWYPPKHNEU-FWZIUSJTSA-N	C15H26O3
CCCC1C(O1)CCCCCCCC(=O)C2CO2	20277563	BGXKJGPFKRXJRX-UHFFFAOYSA-N	C15H26O3
C[C@@H]1C(=O)OCCCCCCCCC/C=C\CO1	69991838	UVWAASIVTQGFCL-QQBNSCQMSA-N	C15H26O3
C[C@@H]1CC[C@@]2(O1)[C@@](CCCC2(C)C)(C)OC(=O)C	21116974	LTAWGWRPOGXHBD-UGFHNGPFSA-N	C15H26O3
CC1=C2C[C@H](CC[C@@]2([C@H](CC1)O)C)C(C)(CO)O	102190969	XPNTZHDXQQJTAF-YMYGFNRBSA-N	C15H26O3
C[C@@]12CC[C@H](C[C@H]1C(=C)[C@H]([C@@H](C2)O)O)C(C)(C)O	14507493	WKKFDXZIMBDJJO-OKWIKPQFSA-N	C15H26O3
CC(=O)OCCCCCCCCCCC=CC=O	151092955	MMMZHVMHWXEBCE-UHFFFAOYSA-N	C15H26O3
CCCCCCCC(=O)C(=O)CCCCC(=O)C	154620499	YLNCVXDEYOLHRD-UHFFFAOYSA-N	C15H26O3
C[C@@H]1[C@@H]2CCC([C@H]3C2[C@@H](OCCC3)O[C@@H]1OC)C	71273592	MMXMDHUCRDSKDU-VPIBMXSESA-N	C15H26O3
CCC1(CCC=C(C1)C(C)OCC)C(=O)OCC	117714745	DMRAJJZVQBJFBT-UHFFFAOYSA-N	C15H26O3
C1CCCC(C2(CCCCC2)OCCC1)C(=O)O	58963968	RBEPPISBQLLNBW-UHFFFAOYSA-N	C15H26O3
CCCCCCCCC[C@H]([C@H]1CCC1=O)C(=O)O	124638660	RKFUMSAQPPBKFN-CHWSQXEVSA-N	C15H26O3
[HH].CC(=O)CCCC1CCC2=CC=CC=C2C1.O.O	144100739	IVSYEWXBUGCOFQ-UHFFFAOYSA-N	C15H26O3
CCCCCCCCCCCC(=O)OC(=O)C=C	22555060	YBTLJLASGKDJSG-UHFFFAOYSA-N	C15H26O3
CC.CC(=O)CC/C(=C/COC)/C(=C\C=C)/OC	142975054	WIGTWTQOBOVYKG-ZUUWMOECSA-N	C15H26O3
CCCC(=O)C(C1CCCCCC1)C(=O)OCC	82936849	NJZADLHGMTZCCF-UHFFFAOYSA-N	C15H26O3
C=CCCCC(CO)(COCC=C)COCC=C	89207637	NBIDKZONIAVSOJ-UHFFFAOYSA-N	C15H26O3
CC1=C[C@H]([C@@H]2[C@@]([C@]1(CO)O)(CCCC2(C)C)C)O	10015192	RWPFZPBMMIWKKY-PAPYEOQZSA-N	C15H26O3
CCOC(=O)C(C)/C=C/[C@](C)(CCC=C(C)C)O	101221606	SGSDERQGHHJWMS-QNCINXDXSA-N	C15H26O3
CC(=CCOC(C)(C)C1CC(CCC12CO2)O)C	134270894	HIZOUQWWMDLMBF-UHFFFAOYSA-N	C15H26O3
CC(C)(C)OC(=O)C1CCC2C1(CCCC2)CO	83980336	DXOSFDLCVQKYGO-UHFFFAOYSA-N	C15H26O3
CCCCC/C=C\C/C=C\C[C@H](CC(=O)OC)O	101214086	RBTALFZUZRDSLG-FFFXRQPCSA-N	C15H26O3
CC(C)[C@H]1CC[C@]2([C@@]1(C[C@@H]([C@H](C2)O)C(=O)C)O)C	11107901	JBUVDZNSKXFWKY-QMIVOQANSA-N	C15H26O3
CC1CCCC(C1)C2(CCC3(CC2)OCCO3)O	65916904	BLJHDXHAACLBBA-UHFFFAOYSA-N	C15H26O3
CC[C@H]1C(O1)CC(=O)OC(C)(C)CC2CCCC2	152869070	TZASTQWCIDNURX-UEWDXFNNSA-N	C15H26O3
CCC1C(C2(CCC1(C)C(=O)C)OCCO2)(C)C	142599373	WIWPLDNVLAESTG-UHFFFAOYSA-N	C15H26O3
C[C@@]1(CCC[C@@]2([C@@H]3[C@@H]1[C@H]([C@@]2(C[C@H]3O)C)O)C)CO	98050236	OLWYTMKUCGVHCZ-CCCRVJQASA-N	C15H26O3
CCC/C=C/C=C\C=C\CCCOCC(CO)O	21608855	SAEHRYZUAYWJPC-QCPPJIGLSA-N	C15H26O3
CCCCC(CC)COC1(C(C1(C)C)C=O)C=O	22999676	DUOYOTLSGYIXSV-UHFFFAOYSA-N	C15H26O3
C1CCC(C1)C(CC2CCOC3(C2)CCOC3)O	104242205	TZPYUOOWUWZHSS-UHFFFAOYSA-N	C15H26O3
C[C@@]12C[C@@H]([C@@H]3[C@@](C1)(CC[C@@H]2O)[C@H](CC3(C)C)O)O	15483846	UVLCTHMOJINEAS-OOAGNDBOSA-N	C15H26O3
CCC(C(C1CC(C=C(C1)C)C)O)C(=O)OCC	103277790	GSFWVDBKLMTGKJ-UHFFFAOYSA-N	C15H26O3
C[C@@H]1CC[C@H]([C@H]2[C@]1(C[C@H]([C@@H]2O)C(=O)C)O)C(C)C	16086510	XPEOIYWRHYTKDP-OJVJDFQCSA-N	C15H26O3
C[C@H]1CCCCCCCCCC(=O)[C@@H](C(=O)O1)C	101680359	HEJTYYXLNPTUPO-STQMWFEESA-N	C15H26O3
CCC1C2CC(C1OC)C(C2)C(=O)OC(C)(C)C	148256735	KQVRFDFIDIUDBV-UHFFFAOYSA-N	C15H26O3
CCOC1(CCC(CC1)C2CCC(=O)CC2)OC	143189112	NMRQYBMPYJNYAY-UHFFFAOYSA-N	C15H26O3
CCCCCCC=C[C@H]1[C@@H](COCO1)CCC=O	88772555	GIYDPURVRAJUQT-CABCVRRESA-N	C15H26O3
CC(C)[C@H]1CCC[C@]2(O1)CC[C@]3(O2)CCCCO3	139254044	ZFDAKRIDBYJWOF-RBSFLKMASA-N	C15H26O3
CCCCCCCC(CC)C(=O)OC(=O)C(=C)C	149948396	CQRYOWSZFNQOEN-UHFFFAOYSA-N	C15H26O3
CC(CC[C@@H]1[C@H](CC1(C)C)C(=C)CCC(=O)O)O	101922013	RFRFRFCFKSGCHT-VFRRUGBOSA-N	C15H26O3
CC(C)(C)C(CCC1CO1)(CC2CO2)CC3CO3	54139581	OADMSQDFELBSOF-UHFFFAOYSA-N	C15H26O3
CC(C)[C@H]1CCC(=O)[C@@H]1CCCCCCC(=O)O	22797028	OIFJWERYUDYHKP-CHWSQXEVSA-N	C15H26O3
CC(C)(C)CCC1(CCC2(CC1)OCCO2)C=O	88909664	INPIUAWRQPPOIU-UHFFFAOYSA-N	C15H26O3
CCCCCCCCCCCC1[C@H]2[C@H](O2)C(=O)O1	101005743	RVDIQXNCNKUGFL-TTZKSVMKSA-N	C15H26O3
CC1(CC(C(O1)(C)C)C(C2CC3CCC2O3)O)C	114622626	SMPBMXIQKAUVJG-UHFFFAOYSA-N	C15H26O3
CCCCC=CCCC(=O)CC(C)(C)OC(=O)C	151357613	ONULECNQDPAWNN-UHFFFAOYSA-N	C15H26O3
C/C=C\1/[C@H](CCC[C@@H](C(C[C@@H]1O)C)OC(=O)C)C	71164499	VYEQQJVKSCUYLL-JYUDBJRHSA-N	C15H26O3
CCCCCCCCC1[C@@H](C[C@H]2C1CC(=O)O2)O	147313127	CYIXFXFEPORWIT-PQAZSJQKSA-N	C15H26O3
CC1=C[C@@H](CC(=C)[C@H]([C@@H]([C@@H](CC1)C(C)C)O)O)O	44583969	PTRFJTHADLODLE-BYNSBNAKSA-N	C15H26O3
CCCCCCCOC(=O)C(=C)COCC(=C)C	140237236	LDRLDIUMOOGESF-UHFFFAOYSA-N	C15H26O3
CCC1CCCC2(CC1)C(O2)(C(C)C)C(=O)OC	79298429	FIYRVQVFVFTRNP-UHFFFAOYSA-N	C15H26O3
CCCCCCCC[C@H]1[C@@H](C[C@H]2[C@@H]1CC(=O)O2)O	68735663	CYIXFXFEPORWIT-SYQHCUMBSA-N	C15H26O3
CCCCCCCC(=O)OCC1CCC2C(C1)O2	59735598	WMBXINCYINZPEI-UHFFFAOYSA-N	C15H26O3
CCC=C(C)OOC(=C(C)CC)OC(C)CC=C	141025416	OWMBEQOQMCENFF-UHFFFAOYSA-N	C15H26O3
CC(=CCCCCC(=O)CC(=O)OC(C)(C)C)C	16110939	DUORYCNEEWSCRM-UHFFFAOYSA-N	C15H26O3
CC(=O)CC[C@@H]1[C@@]2(CCCC([C@@H]2[C@@H](O1)O)(C)C)C	21628132	GPHISNUOPBFKJB-COMQUAJESA-N	C15H26O3
CC1([C@H]2CC=C([C@@H]1C2)CCOOC(C)(C)OC)C	10879664	NKNSZYHRPNHCIT-STQMWFEESA-N	C15H26O3
CCCC(C)(C)C1C(CC(=O)OC1=O)C(C)(C)C	123435412	XDUHFHITBHURGN-UHFFFAOYSA-N	C15H26O3
CCC(C)C1(C(=O)C(=C(O1)C)OC(C)CC)CC	21465752	FEHUDPPRYDAIPE-UHFFFAOYSA-N	C15H26O3
CCC(C)(C)C(=O)OCOCC1CC2CCC1C2	118880248	QEGYCGAAPBOOME-UHFFFAOYSA-N	C15H26O3
CC(C)CCC1C(O1)(C)[C@H]2[C@@H](CC[C@]23CO3)OC	148018544	JAGCYNWVQJBMTL-AMHPFXDVSA-N	C15H26O3
CC(C)(C)C(COC(=O)C1CCCCC1)OC=C	68509910	POUZGGJTBIEPPP-UHFFFAOYSA-N	C15H26O3
CC(=CCC[C@@](C)(C=C)OC(=O)OC(C)(C)C)C	101796563	WRXTUTWUCFCFHV-OAHLLOKOSA-N	C15H26O3
CCCCCC=C[C@H]1[C@@H]2C[C@H](O[C@@H]2C[C@@H]1O)OC	68138743	FLDFCRGPRUDRJV-LXFSFDBISA-N	C15H26O3
CCCCC[C@]12[C@H](CCC1O2)CC3(OCCO3)C	135039735	HCXSQFLORDGZII-JHIQODARSA-N	C15H26O3
CCCCOC[C@@H]1[C@@H](CC(O1)C#C)OCCCC	117816937	NTYMEKPRICWXGV-JVIGXAJISA-N	C15H26O3
C[C@@H]1CC[C@H]([C@@H]2[C@H]1C[C@H](C(=C2)C)OO)[C@@H](C)CO	21628198	MOQZDDMEZGKULW-PCTWNACOSA-N	C15H26O3
CC(C)[C@@H]1CC[C@]2([C@@H](CC[C@@]3([C@@H]2[C@H]1O)CO3)O)C	102572815	JYYJNCXCPHTXID-DEPYFDJDSA-N	C15H26O3
CCCCC1CCC(CC1)C(=O)OCCOC=C	151355087	ONHSSYSFEGUIHV-UHFFFAOYSA-N	C15H26O3
CC1=C(C(C(=C(C1(C)OC)C)COC)(C)OC)C	101602147	SPLZGQCDIMUZNV-UHFFFAOYSA-N	C15H26O3
CC1CCCC(C1)C(=O)C(C)C(=O)OC(C)(C)C	66338340	FTVUUKIBXHHIJS-UHFFFAOYSA-N	C15H26O3
CC1CC(CCO1)COC(=C)C2CCOC(C2)C	142140596	MJEJUSUGRCWFLY-UHFFFAOYSA-N	C15H26O3
CC(C)C(C1CCC2(CCCC2)CC1)(C(=O)O)O	114821115	SSZONOSVHLHYEA-UHFFFAOYSA-N	C15H26O3
CCCCCCCCOC(=O)[C@@H](CC#C)[C@H](C)O	101831708	RZPXKSUTPWHEIO-KBPBESRZSA-N	C15H26O3
C[C@@H]1C[C@H]([C@]2([C@H]([C@]1(C)CCO)CCCC2=O)C)O	11311359	ZYNHBBPEQZNFMG-BJBXXJATSA-N	C15H26O3
CC(C)OCC1CCC2C(C1)CCCC2C(=O)O	149408011	MMPXLZNBWJTDIK-UHFFFAOYSA-N	C15H26O3
C[C@@]1(CC[C@H](O1)C(C)(C)O)C=CC[C@@](C)(C=C)O	141214946	BAEXUXXJQFAXLI-CFVMTHIKSA-N	C15H26O3
CC1CC(C23C1(CCC(C2)C(C3(C)O)(C)C)O)O	123299199	DFLGYWIGWAMCGS-UHFFFAOYSA-N	C15H26O3
CC1(C[C@@H]([C@]23[C@H]1CC[C@@](C2)([C@@H](CC3)O)CO)O)C	101427008	JPTKHPFZGJJGML-XXUMUBMXSA-N	C15H26O3
CC=C(C(=O)C(=CC)C(C)(C)OC)C(C)(C)OC	152697164	ZQUPJNJLXQFDJE-UHFFFAOYSA-N	C15H26O3
CC1CCC(CC1)OC2CCC(CC2)OC(=O)C	53776906	DSNPZAMOBVIUBC-UHFFFAOYSA-N	C15H26O3
C/C/1=C\C[C@H]([C@]([C@H]2C[C@@H]2C(C[C@H]1O)(C)C)(C)O)O	122177431	PVBJZOCDVNCPLR-PAPWEDSUSA-N	C15H26O3
CC12CC[C@H](C(=C)CC1C(C[C@@H]2O)C(C)(C)O)O	44631427	YDWQUGFNJYNSAG-VYMGLVJLSA-N	C15H26O3
C1CCCC(=O)CCCCCCOC(=O)CCC1	21588950	IWTQFNXBMPGCPY-UHFFFAOYSA-N	C15H26O3
CCCC1CCC(CC1)C(=O)C(CC)C(=O)OC	65423626	SRAKUXUMEXBKHT-UHFFFAOYSA-N	C15H26O3
CC[C@H]1C[C@]([C@@H]2CC[C@H](C[C@H]2O1)C)(C)OC(=O)C	132204134	YUCHWGITOWEQTJ-RCSLCFTFSA-N	C15H26O3
CCCCCCCCC(=C)C(=O)OCOCC=C	87095043	LCSMPCHYUXXZAM-UHFFFAOYSA-N	C15H26O3
C1CCCCC=CCCCOC(=O)OCCCC1	151280950	NYIZMAACYUWIIP-UHFFFAOYSA-N	C15H26O3
COC1CCCCC1C(=O)C2CCCCC2OC	140500146	IMUMYJFOWXLRTE-UHFFFAOYSA-N	C15H26O3
CCC1CCC(CC1)C(=O)C(CC)CC(=O)OC	19748323	OUWQEKVUZSPJJE-UHFFFAOYSA-N	C15H26O3
CCCCC[C@H](CCC[C@@H]1CC=CC(=O)O1)OC	52953251	DHBLYUJYBXTXMF-ZIAGYGMSSA-N	C15H26O3
C[C@@H]1CC[C@H]2[C@@H]1[C@H]3[C@H]([C@]3(C)CO)CC[C@]2(CO)O	101682264	XJCYHYLKHMEKAZ-PIFWCUCSSA-N	C15H26O3
CC(=O)OC1CCC(CC1)CCCCCCC=O	57299314	KBRNKUMHNNQHCX-UHFFFAOYSA-N	C15H26O3
C[C@@]12CCCC([C@H]3[C@@H]1[C@@H](C[C@@]2([C@@H]3O)CO)O)(C)C	134687629	CQDABUCMSTZACG-QANKYFMGSA-N	C15H26O3
CC(C1CCCCC1)C2(CCCCC2)OC(=O)O	152622433	ZBUOYICCVNFAOR-UHFFFAOYSA-N	C15H26O3
CCCCCCCCC1C(CCC1=O)CC(=O)O	85850475	NXCGPHRBFGSXOA-UHFFFAOYSA-N	C15H26O3
CCOCC.COC1=CC=CC=C1.C1CCOC1	68422332	QBXACYUGAIXYMV-UHFFFAOYSA-N	C15H26O3
CCCCCCCCCC(=O)C(C(=O)C)C(=O)C	129727312	FVLNZDSTISDLFG-UHFFFAOYSA-N	C15H26O3
CCC1(CCCCCCCCC1=O)C(=O)OCC	24209197	HFNYSHDNNDVJHC-UHFFFAOYSA-N	C15H26O3
CC1(OC[C@@H](O1)C(C/C=C/C2CCCCC2)O)C	102013291	UDMJAKABIKGPLR-KWZRHCGZSA-N	C15H26O3
C[C@@]1(CC[C@H]([C@H]2[C@@H]1CCC(=C2)CO)C(C)(C)O)O	25208131	VIQXFVJDLCDHPK-XFMPKHEZSA-N	C15H26O3
CCC1C2C3CC(C(C2C(O1)CC)O3)C(C)(C)O	59119054	QEQXFGQOTPGPES-UHFFFAOYSA-N	C15H26O3
CCOC1CCCC1(C2CCCC2)C(=O)OCC	141100904	IWHDYSQIWOOOAK-UHFFFAOYSA-N	C15H26O3
CC1CC=CCC1CO[C@@H](CC(C)C)C(=O)OC	114282424	NKJKQDCLFXBOHW-RUXDESIVSA-N	C15H26O3
CC(C)C1(OCCO1)CCC2CCCCC23CO3	139257551	IJSNUNKGTXKLCM-UHFFFAOYSA-N	C15H26O3
CCCCC[C@@H]1CC[C@@H]2[C@H]([C@H]1CO)[C@H](OC2=O)C	146880837	SSUSXWAGZWZIBU-XGFWRYKXSA-N	C15H26O3
CC1(CC(=CC(=O)OC(C)(C)C)CC(O1)(C)C)C	155478831	VJLFTFPLFDXIRT-UHFFFAOYSA-N	C15H26O3
CC(=CCCC(C)(C=C)OC(=O)OC(C)(C)C)C	76373083	WRXTUTWUCFCFHV-UHFFFAOYSA-N	C15H26O3
CC(C)(C)CC1C2CCC3(CCCO3)OC2CO1	59278587	AIRIILYCTNWZMI-UHFFFAOYSA-N	C15H26O3
C[C@H]1CC[C@@]2([C@H](CC[C@H]([C@@H]2C1=O)C(C)(C)O)C)O	15161339	VPXCQYIVSHGBLO-RSPOJEKHSA-N	C15H26O3
CCC(C)C1CCC(C(=O)C1)CCC(=O)OCC	153947025	QDZUPIFPKMSMFE-UHFFFAOYSA-N	C15H26O3
CC[C@@H](C)[C@@H](C)C1[C@@H](C(C=C(O1)C(=O)OC)C)C	148050457	JGFUUSSYZMOIRN-BCXZHAGTSA-N	C15H26O3
C[C@]1(CC[C@@H]2[C@H](CC2(C)C)[C@@]3(CC[C@@H]1O3)CO)O	129741247	NDGGEHWMUQMRKV-CYHVGBIXSA-N	C15H26O3
CC(C)(C)OOC1(CCCC1=O)C2CCCCC2	154390525	IRGZEZNOTPYWGW-UHFFFAOYSA-N	C15H26O3
CCCC(C(=O)O)OC1CC2CCC1(C2(C)C)C	83038177	BJQCPWLFRBQITE-UHFFFAOYSA-N	C15H26O3
CC1=C([C@]2(CCC[C@]([C@@H]2[C@H](C1)O)(C)CO)C)CO	146682704	JYKIUVUDZJNKDK-BYNSBNAKSA-N	C15H26O3
CCC(C)C(C1CO1)C(C)C(CC2CO2)C3CO3	59696145	XYWGAODRECQILH-UHFFFAOYSA-N	C15H26O3
CC1(CCC(CC1)C2CCC(=O)CC2)OCCO	153684944	AFBWXLRPCJLOMP-UHFFFAOYSA-N	C15H26O3
C[C@@]12CCCC([C@@H]1CC[C@H]([C@H]2C(=O)OC)O)(C)C	101048562	PNORERWVNDPBJT-OXJKWZBOSA-N	C15H26O3
C[C@H]1CCC[C@@H](C1)[C@@](C2CCCCC2)(C(=O)O)O	92249190	MBMAQAGQHBXDMT-WHOFXGATSA-N	C15H26O3
CC(C)CCC(=O)CC(=O)CCC(=O)CC(C)C	153775943	KWAWJENQVXITFG-UHFFFAOYSA-N	C15H26O3
CCCCC/C=C\C[C@@H]1[C@H](OC(O1)(C)C)CC=O	11086315	LLYKYHJUHWTFHX-GIBSZGAASA-N	C15H26O3
COCCCOCCCOCC1CC2CC1C=C2	141530728	RFPSUHPOCRPCOI-UHFFFAOYSA-N	C15H26O3
C1CCOC(C1)CCC(=O)CCCC2CCCO2	114976758	INEPUFDMHGGSBD-UHFFFAOYSA-N	C15H26O3
C[C@H]1CCCC[C@H]1OC(=O)O[C@@H]2CCCC[C@@H]2C	89599992	RXXXWFKQCPANHB-IGQOVBAYSA-N	C15H26O3
CCCCCCOCOC(=O)C1CC2CCC1C2	148712967	NXOSXKZDTSDDOB-UHFFFAOYSA-N	C15H26O3
CC(C)[C@@H]1CC[C@]2([C@@H](CC[C@]([C@@H]2C1=O)(C)O)O)C	14864735	ZAOPFHNPAJDKCX-LWOQNUMLSA-N	C15H26O3
C[C@]12CC[C@@H]3[C@H](C[C@@]3(C)CO)[C@@H](CC[C@H]1O2)CO	101835623	HUSZKDQFPIIDSA-ZYIYBEKCSA-N	C15H26O3
CC1CC2C(O2)C(CCC3C1CC3(C)CO)CO	88030892	LBTWBXSIKXIALO-UHFFFAOYSA-N	C15H26O3
CCCCCC1COC(OC1)C2CCC(=O)CC2	18372066	MXJUEKOMGUHCED-UHFFFAOYSA-N	C15H26O3
CC=COCC1(COC(O1)(C)C2CCCCC2)C	152143549	VJSHBUPFQJNGPJ-UHFFFAOYSA-N	C15H26O3
CCOC(=O)[C@H]1CCCCCCCCCCC1=O	92197785	ZFGBLKFUXOMVBB-ZDUSSCGKSA-N	C15H26O3
C[C@@H]1C[C@H]([C@@H]2[C@@H]1C[C@H]3[C@H](CC2(OC3(C)C)C)O)O	130476751	HMTVXYYWICMXMY-ZDHPXKOGSA-N	C15H26O3
C[C@@]12CC[C@H]([C@@](C1CCC3(C2)CO3)(C)CO)OC	145337277	VOVNVYCJAHRDAM-IUWDBWQKSA-N	C15H26O3
CC(C)[C@@]12C[C@H]3[C@@](CC[C@H]([C@@]3(C[C@@H]1O2)C)O)(C)O	21626669	XCAVJDSGIQRTKY-JEWKUQAESA-N	C15H26O3
C[C@H]1[C@@H]2C[C@@H](CC[C@H]([C@H]2CC1=O)CO)C(C)(C)O	10912090	IOMGEBNDGAJFNH-IEECTRCBSA-N	C15H26O3
CC.CCC(C)OC1=C(C=C(C=C1OC)C)OC	145521680	BRGXAMHMCUVNPD-UHFFFAOYSA-N	C15H26O3
CCCOC1C(CC1=O)OC2CC(CC(C2)C)C	114018827	LQHJYZYQPODJMA-UHFFFAOYSA-N	C15H26O3
CC(=O)CCC[C@]1(CC[C@H](CC1=O)C(C)(C)O)C	10777356	IQKFJIADNDSMNL-DOMZBBRYSA-N	C15H26O3
C[C@@H](C/C=C/C(C)(C)OC)[C@@]1(CO1)[C@](C)(C=C)O	10967053	DGXGCOYHLCOIHG-XQEKLATKSA-N	C15H26O3
CCOC(=O)C(C)(C)C(=O)C1CCCCCCC1	80601478	DSTAZDAEXVSXEZ-UHFFFAOYSA-N	C15H26O3
CCC(C)(CCC1=C(C(=O)C(CC1(C)C)O)C)O	143045739	NPHZQVJSZFZYNV-UHFFFAOYSA-N	C15H26O3
C[C@]12CCCC(=C)[C@@]1(C[C@@H](CC2)[C@@](C)(CO)O)O	14315351	UJAAZUOEEYZOLC-KBUPBQIOSA-N	C15H26O3
C[C@H]1[C@H]2C[C@H]([C@@H]([C@H]1O)C[C@@]2(C)C(=O)OC)C(C)C	102370641	MJNZLNAANJQFNN-QBOXMOKDSA-N	C15H26O3
CCOC(=O)OC1(C[C@@H](CC[C@H]1C(C)C)C)C=C	10858029	NISGAQGXLPBSQI-NEJHNUGDSA-N	C15H26O3
CCC(C)C(=O)OC1CC2CC1CC2C(C)(C)O	124084501	VZKWSALJGZWRLJ-UHFFFAOYSA-N	C15H26O3
CCC(C)C(=O)OC(CC)OC1CC2CCC1C2	89667766	USWFHYKFVUZZSX-UHFFFAOYSA-N	C15H26O3
CCCCCCCCCC1C(O1)/C=C(\C)/C(=O)O	87114560	FDOHZEHERBTRGZ-VAWYXSNFSA-N	C15H26O3
CCCCCC1(CC(=CC(=O)O1)O)CCCCC	54713071	HQSVLHCTULEFED-UHFFFAOYSA-N	C15H26O3
C[C@@H]1[C@H](C[C@@H]2[C@@]13C[C@@H](C2(C)C)[C@](C[C@@H]3O)(C)O)O	71654748	CYRQSQNCLUBAMU-ALXJUGPUSA-N	C15H26O3
CC(C)(C12CC3CC(C1)(CC3(C2)C(C)(C)O)O)O	152845801	TUACWFNXUZRYEU-UHFFFAOYSA-N	C15H26O3
CCC1CC2(CCCC(C2)C1(CC)OC(=O)C)O	70906799	QVIUKKSJUZBVPC-UHFFFAOYSA-N	C15H26O3
CCCCCCC/C=C\C(CC)C1(CO1)C(=O)O	88796524	DGRMYYSPPFFFGT-KHPPLWFESA-N	C15H26O3
CC(C)[C@@H]1C[C@@H]([C@]2([C@@H]3CC[C@]([C@H]3[C@@H]1O2)(C)O)C)O	101621382	XJZGNSXTORBAKH-KUBHYLHLSA-N	C15H26O3
CCCC1CCC(CC1)(CC2CCOC2)C(=O)O	79428748	IDBYCPTWJWDZNV-UHFFFAOYSA-N	C15H26O3
CCC(=O)C([C@H]1C[C@H](CC[C@@H]1C(C)C)C)C(=O)O	141705649	FCFWLUGGHGAAJJ-JACPFSORSA-N	C15H26O3
C[C@H](CCCC(C)C)[C@H]1CCC(=O)[C@@H]1C(=O)OC	11242251	KYYKXNDNVKSUBW-YRGRVCCFSA-N	C15H26O3
CCC1(C2(O1)CCC(CC2)C(C)C)C(=O)OCC	79299231	AOZXKCBFTALOFM-UHFFFAOYSA-N	C15H26O3
CC(C)C1CCCCC12C(O2)(C(C)C)C(=O)OC	81917864	QIDKUDHHZZPXBD-UHFFFAOYSA-N	C15H26O3
CC.CCCCC(COC1=CC=C(C=C1)OC)O	141985531	ZMKXKROYGPSXPI-UHFFFAOYSA-N	C15H26O3
CC(=O)O[C@@H]1CCCCCC[C@H](CC1)OCC=C	90277664	LATPFCPUKRGGAY-HUUCEWRRSA-N	C15H26O3
CC.CCC.CC(C1=CC=CC=C1)C(C(=O)O)O	141858678	VBYAVGNBVBJOPI-UHFFFAOYSA-N	C15H26O3
CCC1CC2CC(CC(C2)(C1)OC(=O)CC)CO	147725199	GXIOUEPFNZHEBG-UHFFFAOYSA-N	C15H26O3
CC(C)(C)C(=O)O/C=C\CC(C1CCCCC1)O	101384605	FFDGQOTYBJIAJI-XFFZJAGNSA-N	C15H26O3
C=CCCCCCCCCOC(=O)COCC=C	18520721	UWCOYDRVKJLDHB-UHFFFAOYSA-N	C15H26O3
CCCCCCCCCCC(=O)C1CCOC1=O	140384989	DGDVJNGLRNHJLC-UHFFFAOYSA-N	C15H26O3
CCC/C=C/CO/C(=C/C(C)C)/C(=O)OC(C)C	102010721	WGDIIGANAUFDNJ-HUKVCQRGSA-N	C15H26O3
CCCCC(CC(=O)OCCC)C1CCCC1=O	139843566	AVNFIJQKFFFASB-UHFFFAOYSA-N	C15H26O3
CCOC(C)OC(=O)C1CCC2CCCCC2C1	145787997	CYCPELNTRVAHCC-UHFFFAOYSA-N	C15H26O3
CC(C)C.C1CC2CC1CC2CC3COC(=O)O3	90729712	ZSLDGLHXFZPTAX-UHFFFAOYSA-N	C15H26O3
C[C@]12CC[C@@H]3[C@H](C[C@@]3(C)CO)[C@H](CC[C@H]1O2)CO	101835624	HUSZKDQFPIIDSA-MBIARJLFSA-N	C15H26O3
C1CCC(C1)CC(C2CCOC3(C2)CCOC3)O	113664127	YKIGIADGGKDYOD-UHFFFAOYSA-N	C15H26O3
CCC1(CCC2(CCCC(C2)(O1)C=C)OC)CO	147637135	GGWKVHQVVMCWKH-UHFFFAOYSA-N	C15H26O3
CCOCC=CCCC=CCCC(C)(C)C(=O)O	91485117	QLXYZDBEZPTNRK-UHFFFAOYSA-N	C15H26O3
CC[C@@]1(CCCCCCCCC1=O)C(=O)OCC	94034703	HFNYSHDNNDVJHC-HNNXBMFYSA-N	C15H26O3
COC(CCC/C=C\1/CCCCCCC1=O)OC	11630242	APXDPVSTYYFXSZ-RAXLEYEMSA-N	C15H26O3
CCCCCCCC(=O)CCC(=O)CCC(=O)C	12497326	MXDLMXHIWXHEFX-UHFFFAOYSA-N	C15H26O3
[2H][13C]([2H])([2H])[C@]1(CC[C@H]2[C@@H](CC[C@H]([C@H]2C1)[C@@H](C)C(=O)O)C)O	21580827	HSOPBTCGSYKCGY-HACBTIHWSA-N	C15H26O3
CCCOC(=O)CC1CCC(=O)C1CC(C)CC	54269178	RIYACKUIBFNIFX-UHFFFAOYSA-N	C15H26O3
CCOC(=O)CC(=O)CC[C@H](C)CCC=C(C)C	51357213	XZOYFUQSGGZCHC-CYBMUJFWSA-N	C15H26O3
CC(C)(C)C(CC1CO1)C(CC2CO2)CC3CO3	20440889	BCFGKWSKHUUFKT-UHFFFAOYSA-N	C15H26O3
C[C@H]([C@H](C[C@@H]1CCC[C@@H](O1)CC=C)OC)C(=O)C	101133864	UGTIUVJLWPHGJL-MXAVVETBSA-N	C15H26O3
CC1(OCCO1)CCCCCC=CCCCC=O	72576194	JVHRVHFVYMZXSR-UHFFFAOYSA-N	C15H26O3
CC(C)CO[C@H]1C[C@H](C1(C)C)OC(=O)C2CCC2	97015978	XXUUIZIUURZPCJ-QWHCGFSZSA-N	C15H26O3
C[C@@H]1CCC[C@@H](C1)[C@@](C2CCCCC2)(C(=O)O)O	92249189	MBMAQAGQHBXDMT-ZLDLUXBVSA-N	C15H26O3
C[C@]1([C@H]2CC[C@H](C2)[C@]1(C)O)CCC(C(=C)CO)O	101882482	AVDRNUPILDQYEO-WOSJUFEDSA-N	C15H26O3
CC(C)OC(C)CC1(CCCCC1)OC(=O)C=C	145549061	BJDNQRYJQSWICZ-UHFFFAOYSA-N	C15H26O3
C[C@]12CC[C@H](C(=C)[C@@H]1C[C@@](CC2)(C(C)(C)O)O)O	15489526	IVMFADZCHPAULC-MXYBEHONSA-N	C15H26O3
CCC[C@@H](C=C)[C@@H](CCC)C(=O)C(=O)OC(C)C	102021707	CTJLPQVEINPNDJ-CHWSQXEVSA-N	C15H26O3
CC1CCCCCCC(=O)OCC(=O)CCCC1	11118621	JTOMBFBBSNDMOT-UHFFFAOYSA-N	C15H26O3
CC1CCC(C2(C1(C)OC(=O)C)CCCO2)(C)C	22764840	JHDMXLWIGNEQFC-UHFFFAOYSA-N	C15H26O3
CCOC1CC(C1)CC(=O)CCCC2CCCO2	103167897	KIDWUGVIQPEQIH-UHFFFAOYSA-N	C15H26O3
C[C@@]12CC[C@H]([C@H](C1C(=C)[C@H](CC2)O)O)C(C)(C)O	122392896	PJDGWXXYLXLWMB-RTLBGHQESA-N	C15H26O3
CC1CCC2(O1)C(CCCC2(C)OC(=O)C)(C)C	93838	LTAWGWRPOGXHBD-UHFFFAOYSA-N	C15H26O3
CCOCCCCCC(=O)OC(CC=C)CC=C	60011110	GPTJDQDFBWXINZ-UHFFFAOYSA-N	C15H26O3
C[C@@H]1CC[C@H]2[C@@H]1[C@H]3[C@@H](CC[C@]2(CO)O)C[C@]3(C)O	71615064	UKYWDUBYSGXKRC-NGOQWVGTSA-N	C15H26O3
CC(=CCC[C@](C)(CCC1(OCCO1)C)C=O)C	11322785	YWWJPVLZCKJOPE-CQSZACIVSA-N	C15H26O3
CCCC1(C2(O1)CCCCC2CC)C(=O)OCC	83047210	JWXKWJVCVQRHFL-UHFFFAOYSA-N	C15H26O3
C[C@@H]1C[C@H]([C@@H]2[C@@H]1C[C@@H]3[C@H](C[C@]2(OC3(C)C)C)O)O	10037956	HMTVXYYWICMXMY-AOIAAECSSA-N	C15H26O3
CC1=CC(=C(C(=C1)C(C)(C)C)O)C(C)(C)C.OO	87630032	DLMGYLNCZCWQOC-UHFFFAOYSA-N	C15H26O3
CC1CC2CCC/C(=C\OCC(COC1)CO)/C2	149245077	XMYHLOZLWXRPHL-NTEUORMPSA-N	C15H26O3
COCCCC(=O)O[C@@H]1CC[C@@H]2CCCC[C@H]2C1	124858772	REVMRPMUHJASAP-MELADBBJSA-N	C15H26O3
COC1CCCC(C1)C2(CCCCCC2)C(=O)O	79428845	OCDWCUWKYPVKED-UHFFFAOYSA-N	C15H26O3
CCC1(C2(O1)CCCC(C2)C(C)C)C(=O)OCC	107450568	YROGYQAGVUAWOJ-UHFFFAOYSA-N	C15H26O3
CC(C)C12CC3C(CCC3(C)O)C(O1)(C(C2)O)C	123180095	ZXSDBQAKIKHNBE-UHFFFAOYSA-N	C15H26O3
CCCCCC(CCCCC)C1CC(=O)OC1=O	21348409	WSHVCKJWEWHBND-UHFFFAOYSA-N	C15H26O3
CCCCCCCCOC(=O)C(=C)COCC=C	87095044	AEHHJHXIAOBCIT-UHFFFAOYSA-N	C15H26O3
CCCCCC1(CCCC1=O)C(=O)OCCCC	139788550	JIUCAPVCMFTIPM-UHFFFAOYSA-N	C15H26O3
CCOC1(CCCCC1)C(=O)CC2CCOCC2	113559993	UPZWSUBPPUSARP-UHFFFAOYSA-N	C15H26O3
C=CCOCOCC1CCC2CC(CCC2C1)O	147808393	HMWMTLCKBHUDAZ-UHFFFAOYSA-N	C15H26O3
CC1CCC(CC1)OC(=O)OC2CCC(CC2)C	67914772	YVHQUIATEXHKTN-UHFFFAOYSA-N	C15H26O3
CCCCCCCCCC(=O)C=CC(=O)OCC	71419549	HOYGZEYHNYAINE-UHFFFAOYSA-N	C15H26O3
CCCC(C(=O)O)C1(CC(CCC1=C(C)C)C)O	83042863	IIVHMIHNKLFFJB-UHFFFAOYSA-N	C15H26O3
C1CC2(C1)CC(CCO2)OC3CCC(CC3)CO	106825273	ZTBBWYWAHQJPNJ-UHFFFAOYSA-N	C15H26O3
CCC/C=C\CO/C(=C\C(C)C)/C(=O)OC(C)C	11184379	WGDIIGANAUFDNJ-YSXFELKLSA-N	C15H26O3
CC1C(C(CC(C12CCC(C2)C(=C)C)CO)O)O	74427786	NPIIWZCGVADPIE-UHFFFAOYSA-N	C15H26O3
CCCCCCCCC#C/C=C\OC[C@H](CO)O	10777352	XZTOEFLTNWTMHZ-SSCKCOOKSA-N	C15H26O3
CCCCCC(CCC(C1=CC=COC1)O)CO	70420693	DFYLVPPSGNMVIL-UHFFFAOYSA-N	C15H26O3
CCC(C)C(=O)OC1CC2CC1CC2(C(C)C)O	124084533	ILQZNENQKZBCOJ-UHFFFAOYSA-N	C15H26O3
CCC1(C(O1)(CC)C(=O)OC2CCCCC2)CC	89581683	WAOONYWIJZLXQP-UHFFFAOYSA-N	C15H26O3
CC1CC(CCCCCC(=O)O1)OC2CCCC2	145114910	UNNRHWZQDKKXHW-UHFFFAOYSA-N	C15H26O3
CC1=CCC(CC1)[C@@](C)(C/C=C/C(C)(C)OO)O	101589852	CMAYNQJQXIVKKO-WELINREZSA-N	C15H26O3
CC1C[C@H](C2[C@@H]1C[C@@H]3C(C[C@@]2(OC3(C)C)C)O)O	5318790	HMTVXYYWICMXMY-WFPDWZDCSA-N	C15H26O3
C/C(=C\CC[C@@](C)(CC(=O)C)O)/CCCC(=O)C	102593472	GTXUPRXWCSHMFU-JQVXPOPVSA-N	C15H26O3
C[C@]1(C[C@H](/C=C(/CC[C@@H]2[C@@H]1CC2(C)C)\CO)O)O	10706142	ORSSQRSRYXGDHA-QDYSGEOESA-N	C15H26O3
CCCCCCCCC=CC(=O)CCC(=O)OC	152107942	VCPNSMDSQKRNEB-UHFFFAOYSA-N	C15H26O3
C[C@]12CCCC(=C)[C@]1([C@H]([C@@H](CC2)C(C)(C)O)O)O	132497945	AOMWFHLGGQJQBA-AYRXBEOTSA-N	C15H26O3
C1CCCCOCCCCOC(=O)/C=C\CCC1	145846567	QUPWPPWMSDSBKD-XFFZJAGNSA-N	C15H26O3
CCCC(C(=O)C1CCC(C1)CC)C(=O)OCC	83049586	ZORCPNONVQYJFD-UHFFFAOYSA-N	C15H26O3
CCC(C(=O)OC)C1(CCC2(CCCC2)CC1)O	114820084	BLJIBRWFKUNUDB-UHFFFAOYSA-N	C15H26O3
CCOC(=O)CC(C)(CCC(C(=C)C)O)C=CC	71345193	HRCLDUPTTISJKF-UHFFFAOYSA-N	C15H26O3
CC(CC(C)(C)COC(=O)C1CCCCC1)C=O	154183375	KCLQGMFLCLNVLF-UHFFFAOYSA-N	C15H26O3
C/C=C/C(/C=C/C1C(C(C(CC1(C)C)O)O)C)O	89652455	CYPLBNPHVMAHRI-BSWSSELBSA-N	C15H26O3
CC(C)C(=O)CCC1CCOC2(C1)CCOCC2	79923722	MUKFIBLZDZRTFG-UHFFFAOYSA-N	C15H26O3
CC(C)[C@@H]1CC[C@@]2([C@H](C1)[C@@]([C@@H]3C([C@H]2O)O3)(C)O)C	134975171	NBECASGJNYLMBC-IXKDBZIPSA-N	C15H26O3
CCCCCC(=O)OC1CCCCC(CC1)C=O	54515736	BSESMFTUYVPKKA-UHFFFAOYSA-N	C15H26O3
COC1CCC(CC1OC)C(=O)C2CCCCC2	44228896	RONXTWFUDDCRKS-UHFFFAOYSA-N	C15H26O3
CCC(=O)OC1CCCCCCCCCCC1=O	57064251	FJWBHXKBCWZECJ-UHFFFAOYSA-N	C15H26O3
CC1(CC1(C)C(=O)OCOCC2CCCCC2)C	153257890	WUQDFUNGFNLSJG-UHFFFAOYSA-N	C15H26O3
CC(C)[C@H]1CC[C@]2([C@@H]1[C@@H]3[C@](CC[C@]2(O3)O)(C)O)C	121596197	DHUDRGOPTAAHRB-ARSDKDGVSA-N	C15H26O3
CC(C)(C)OC(=O)OC1CCCC2C1CCCC2	145789526	NPRORTCEICKJSQ-UHFFFAOYSA-N	C15H26O3
CCCCC(=O)C(CCC(=O)C)CCC(=O)CC	129651501	GSTFECMXMIZPBB-UHFFFAOYSA-N	C15H26O3
CCCCC(CC)COC(=O)C12CCCCC1O2	140970789	RBWFKZDZCWOCOW-UHFFFAOYSA-N	C15H26O3
C1CCCCCCOC(=O)C=COCCCCC1	150433719	HKHUKPKVCFFCLT-UHFFFAOYSA-N	C15H26O3
CCCCCCC1CCC2C(C1)OCC(=O)CO2	147777211	ROMNVLBNYMICRX-UHFFFAOYSA-N	C15H26O3
C1CCCC(CC1)C2(CCC3(CC2)OCCO3)O	82928600	AWNCNJBLGCTWKN-UHFFFAOYSA-N	C15H26O3
CCCCCCCC1(OC=CO1)C2(CC2)C(C)O	141007664	YEUSTFFZGKKTNF-UHFFFAOYSA-N	C15H26O3
CC(C)[C@@H]1CC/C(=C/CCC(=C)[C@H]([C@@H]1O)O)/CO	10800958	DXLKOOQBJKRNLJ-INYXVGHSSA-N	C15H26O3
CCOC1(CCC(CC1)(C)C)C(C2=CCCO2)O	102654914	QFWANBIZQMPKHK-UHFFFAOYSA-N	C15H26O3
CC[C@@](C(C)C)(C(=O)CCC1CCCC2C1O2)O	147889238	IBYHBLIWTXDUFE-HKTMVNTCSA-N	C15H26O3
C[C@@]12CC[C@H](C[C@H]1C(=C)C[C@@H](C2)O)C(C)(CO)O	42623790	BEVFQWRXZRIPFN-JFKAKTETSA-N	C15H26O3
C1CCCCC2CCCOC2(C=CCCC1)OO	90847740	GUAWUALIMICCTF-UHFFFAOYSA-N	C15H26O3
CCOC(=O)CCC(C=O)C(C)CCC=C(C)C	71323328	IURQYCVLNVCKEF-UHFFFAOYSA-N	C15H26O3
C[C@@]12CC[C@H](C[C@H]1C(=C)[C@H](C[C@H]2O)O)C(C)(C)O	14805263	RSHFOSHJAVRJTP-NLRWUALESA-N	C15H26O3
C/C(=C\CO)/C=C/C1C(CCC1(C)O)C(C)(C)O	10131265	HKRZPSNHHSZFCJ-BXROQLSZSA-N	C15H26O3
C[C@H](CC=O)[C@H]1C[C@H](CCC1(C)C)COC(=O)C	24823396	UQRJTZFFYUHCCA-KWCYVHTRSA-N	C15H26O3
C[C@H](C/C=C/C=C)[C@@H]([C@@H](C)CC1OCCCO1)O	101716252	HDPFDHCRTSJDEZ-KXQICBMSSA-N	C15H26O3
CC1C(C2CC1CC2(C)C(=O)OCCCCO)C	59366080	ZYOIUBLQOQRNLB-UHFFFAOYSA-N	C15H26O3
CC(C)C1(C2(O1)CCCC(CC2)(C)C)C(=O)OC	79298537	KUBKGVYGPBPRMB-UHFFFAOYSA-N	C15H26O3
CCCCC(=O)OC1CC2CCC1(OC2(C)C)C	85304208	KGVDDILWENXVRI-UHFFFAOYSA-N	C15H26O3
CC(=CCC[C@]1([C@H](O1)COC(=O)C(C)(C)C)C)C	10445035	LLUMVDPXHZRBKM-DOMZBBRYSA-N	C15H26O3
CC1(CC1)CCCC(CCCC2(CC2)OC=O)O	87199409	DWBFTTKMKLJLSZ-UHFFFAOYSA-N	C15H26O3
CCCCCC1C(CCC1=O)OC(=O)CCCC	91315520	BVVWWBRFXWHZBW-UHFFFAOYSA-N	C15H26O3
C[C@@H]1CC[C@H]([C@@H]2[C@H]1CC[C@](C2)(C)O)[C@@H](C)C(=O)O	21580814	HSOPBTCGSYKCGY-BSOITMSTSA-N	C15H26O3
CC1C2C(CC3CCCCC3C2CO)C(O1)OC	22463386	KGEKVIZSTNHHRV-UHFFFAOYSA-N	C15H26O3
C1CCCC(CC1)(CCCC2CCCO2)C(=O)O	65392108	DQPPXNVNDGAGAR-UHFFFAOYSA-N	C15H26O3
CC.CC1=CC(=CC(=C1C)C)OCCC(CO)O	144082372	XMSGRFRXPVMWGL-UHFFFAOYSA-N	C15H26O3
CCC(/C=C/CC(C)CCC=C(C)C)OC(=O)O	88647116	IKMAUIMLYSSDNO-YRNVUSSQSA-N	C15H26O3
CC(C)(C)C(=O)OCCCC1(CC2CCC1C2)O	70851358	HBNPMVUCFAJLGQ-UHFFFAOYSA-N	C15H26O3
CC1C(CCC2C1OC3C2CCC(C3)OC)OC	154979087	RGUORXQQCMQILV-UHFFFAOYSA-N	C15H26O3
CC(C)C1CCC2(C(C1C(C23CO3)CO)CO)C	535160	JRMKRTNHXOMLAA-UHFFFAOYSA-N	C15H26O3
CC1(CCC(O1)CC2(CCCCCC2)C(=O)O)C	116525020	QBZGDFNOWSLDNO-UHFFFAOYSA-N	C15H26O3
C[C@H]1[C@@H]2C[C@@H](CC[C@]2(CCC1OC)C)C(=O)OC	10934053	VNBCPBRYWRIVEF-DCEWXOLSSA-N	C15H26O3
C[C@@H](C[C@H](C1CCCC1)O)OC(=O)C2CCCC2	16751178	GLFFVRDZMWBZJS-SMDDNHRTSA-N	C15H26O3
CC(C)[C@H]1C[C@@H]2[C@](CC[C@H]([C@]2(C)O)O)(CC1=O)C	10658621	FJGWZWDCKFMJJX-DIAXPKBXSA-N	C15H26O3
CC.CC.CC1=CC(=CC(=C1O)C)CC(=O)OC	144504862	QKVTYKGCVSQRHU-UHFFFAOYSA-N	C15H26O3
CC1(CC(C(O1)(C)C)C(=O)CC2CCCCO2)C	113609340	BNVNSERBLAFUNW-UHFFFAOYSA-N	C15H26O3
CCCOC1C(CC1=O)OC2CCCCC2CC	107942246	YZEKWOGYQPNLHE-UHFFFAOYSA-N	C15H26O3
C1CCC2(C1)CCC(O2)CC3(CCCOC3)CO	114113379	PWTZHSSTMULMRT-UHFFFAOYSA-N	C15H26O3
C1CC[C@H]2C[C@H](CO[C@H]2CC1)OC3CCCCO3	59465350	NXMDZLZVGJZMAC-MBOZISHXSA-N	C15H26O3
CC(C)C/C=C\C(C)[C@@H]1[C@@H](OC(O1)(C)C)CC=O	60124814	QVYJBRGGZQCCGK-WSLICBBUSA-N	C15H26O3
CC(C)C(C)(C=C(C)C)C(=O)OCCOCC=C	89217669	XFVJANKLIXAASL-UHFFFAOYSA-N	C15H26O3
CC1=CC(=O)OCCCCCOC(CCC1)(C)C	123655239	ZBZLLAHGDQEMHQ-UHFFFAOYSA-N	C15H26O3
C1CCCC(CC1)C(=O)OCC(C2CCCC2)O	138721606	YGONGWSHQIJHDD-UHFFFAOYSA-N	C15H26O3
CC(C1CCCCC1)OC(=O)OC2CCCCC2	23388343	KLQIKYMFEBECML-UHFFFAOYSA-N	C15H26O3
CCCC(C1(CC(=C(C(=C1C)C)OC)C)OC)O	154310482	SDVBGFFLCNGPTB-UHFFFAOYSA-N	C15H26O3
CC1=CC(C2C(CCCC2(C1(CO)O)C)(C)C)O	13890777	RWPFZPBMMIWKKY-UHFFFAOYSA-N	C15H26O3
CC(C)OC(=O)C1CCC2CCCC(C2C1)(C)O	13623781	WEHFTRFYWNWGKK-UHFFFAOYSA-N	C15H26O3
CCC(C)(C)CC(C)(C)OCC1CC(=C)C(=O)O1	148027728	JBZABIRGPOISBP-UHFFFAOYSA-N	C15H26O3
CCC1CCCC(C1)CC(=O)CCC(=O)OCC	64250751	WYWIJZCEOUPECE-UHFFFAOYSA-N	C15H26O3
CC(=O)OC1(CCC(OC12CCCCC2)(C)C)C	131855597	WNGJOTAIMORXQS-UHFFFAOYSA-N	C15H26O3
CCC(CC)(C(=O)C1CCOC2(C1)CCC2)OC	116747563	FXOIOAHIKBPTLS-UHFFFAOYSA-N	C15H26O3
CCOC(=O)C1CCC(CC1)OC2CCCCC2	67368801	OPBKDNWQOBDONT-UHFFFAOYSA-N	C15H26O3
C[C@H]1CC[C@@](C=C2[C@@]1(CC[C@]2(C)O)O)(C(C)C)O	46177448	DFBVMUXIWBUJCV-MHEUCROKSA-N	C15H26O3
CCC(C)C(=O)OC12CCCC(C1)CC(C2)(C)O	153669285	VPLBKUPWEICLEB-UHFFFAOYSA-N	C15H26O3
CCC(C)CCC1CCC2C(C1)OCC(=O)CO2	149035270	VLZFKWRFBKOLLD-UHFFFAOYSA-N	C15H26O3
COCOC/C=C/C=C/1\CCCCC1CCCO	101053921	PXPQRBOHXRBUDY-DBVUNSGSSA-N	C15H26O3
CCCCC[C@](C)(/C=C/[C@@H]1[C@H]([C@H](CC1=O)O)C)O	117945206	AJISMLORHNKZGC-SUQUQGEMSA-N	C15H26O3
CC(C)(CC=C)C(C(CCC=C)OC)C(=O)OC	135043253	CTFQSTAYCMBFSA-UHFFFAOYSA-N	C15H26O3
CC1CCC2C(C(C(CC2(C1C=O)C)O)O)(C)C	54137809	NYYFUQBCXHQDLW-UHFFFAOYSA-N	C15H26O3
CCC1CC2CC(C1O2)COCC3(COC3)CC	148359972	IFCZCWMUQIYUIT-UHFFFAOYSA-N	C15H26O3
CCCCCCCCC=CC=CC=CC(O)(O)O	139766670	ZPNRZTBGTGGLAC-UHFFFAOYSA-N	C15H26O3
CC1CCCCCCCCCC(/C=C/C(=O)O1)O	101995786	SEPVNQPKPJCPAX-VAWYXSNFSA-N	C15H26O3
CC(=O)C1CCC(CC1)C(CCCC=O)CCO	141951944	IXUCUWQUGNZFLR-UHFFFAOYSA-N	C15H26O3
CCOC1(CCCCC1)C(=O)CCC2CCCO2	116748408	NTJYCKQYBCZWFK-UHFFFAOYSA-N	C15H26O3
CCOC(=O)/C=C/COC1CC(CC(C1)(C)C)C	80545846	VGQPEXZKVFGPOK-VOTSOKGWSA-N	C15H26O3
CC(=CCCC(=CCCC(C)(CC(=O)O)O)C)C	154277384	ZKKGFLMNYDJXRP-UHFFFAOYSA-N	C15H26O3
CCC(C)(CCC=O)C(=O)OC1CCC(CC1)C	90777228	RQHVDZDIFRFGMS-UHFFFAOYSA-N	C15H26O3
C[C@]12CCC(=O)C([C@@H]1CC[C@@]([C@@H]2CO)(C)O)(C)C	152820855	STOYRCRWFYPQOF-IDTSFGKNSA-N	C15H26O3
CC(=C)C(C/C=C(\C)/C(CC/C(=C/CO)/C)O)O	12536852	HOWOKEOAGDIPPR-GOPAXJRYSA-N	C15H26O3
C[C@@H]1[C@H]([C@@H](C[C@H]([C@@]12CC[C@H](C2)C(=C)C)CO)O)O	102058327	NPIIWZCGVADPIE-QAUDVVSPSA-N	C15H26O3
C[C@@H]1C[C@@H](C[C@]2([C@H]1C(=O)[C@H](CC2)C(C)(C)O)C)O	129460288	DIDZMOYZGJUXCV-KYSMWIMPSA-N	C15H26O3
CC[C@](C)(C(=O)OC[C@H]1CCC2CC1C2(C)C)O	101649887	VSVSJDIEGGCFQP-TVRADYJESA-N	C15H26O3
C1CCC2(C1)CC(CCO2)C(C3CCCOC3)O	79912476	BOOKZZQNNFSUTB-UHFFFAOYSA-N	C15H26O3
CC(C)[C@]12CC3[C@@H](CC[C@]3(C)O)[C@](O1)(C(C2)O)C	148602806	ZXSDBQAKIKHNBE-UACFPIKASA-N	C15H26O3
CC(C)C(=O)C1(CCCC1)CC(=O)OC(C)(C)C	149091469	QSLOOVOWZNUENW-UHFFFAOYSA-N	C15H26O3
COC1(CCCCCC1)C(=O)CCC2CCCO2	116750564	ZASRGDUHDILFTH-UHFFFAOYSA-N	C15H26O3
CCC12CCC(C1(C)C)CC23OCC(O3)COC	53717123	CEPVCBGRUAUCDG-UHFFFAOYSA-N	C15H26O3
CCCCCC(=O)CCC(=O)OCCC=CCC	53677703	BEJDQQMKQCEZFV-UHFFFAOYSA-N	C15H26O3
CCOC(=O)C1(CCCC1OC)C2CCCCC2	141100915	YSIGUXXLWXPEFH-UHFFFAOYSA-N	C15H26O3
CC1CCCC(C(CC(/C=C\C1=O)(C)C)O)(C)O	101222769	QUUDYSMDFVZVGE-CLFYSBASSA-N	C15H26O3
C[C@]12CC[C@@H]3CC1[C@H](C[C@H]([C@]2(C3(C)C)O)O)CO	102484541	FGEXETWSWXPAIN-BDYSSOEWSA-N	C15H26O3
CCCCCCCCC#CC(CCC(=O)OC)O	13289020	ZDYJUAHGGVPCPZ-UHFFFAOYSA-N	C15H26O3
CC12CCC(CC1C(CCC2O)(C)O)C(=C)CO	73066948	ZRMNMPPGQVXDTN-UHFFFAOYSA-N	C15H26O3
CC.CCOC1=CC=C(C=C1)C(OCC)OCC	144464185	BXSZMAWNRWHZDG-UHFFFAOYSA-N	C15H26O3
CCCCCCCCCCCC(=C=O)CC(=O)O	149862582	BZLXCCSPPYVWKU-UHFFFAOYSA-N	C15H26O3
CC(CCC=C(C)C=O)CCOC1CCCCO1	71420868	QKRUGVBUADUJKT-UHFFFAOYSA-N	C15H26O3
C[C@H]1CCCCCCCCCC(=O)[C@H](C(=O)O1)C	101680361	HEJTYYXLNPTUPO-QWHCGFSZSA-N	C15H26O3
CC[C@@H]1[C@H]([C@H](CC1=O)O)/C=C/CCCCCCO	23653669	CBZIWBYMNXPNNL-FLVJQKIBSA-N	C15H26O3
CCC(C)(CC(C)(C)C=C)C(=O)OC1CCCO1	90834463	JKVPTTZWAFDPOR-UHFFFAOYSA-N	C15H26O3
CC(=C)C(=O)OCCCCCCCCCC1CO1	21958129	DGZNXJPBIXMBJR-UHFFFAOYSA-N	C15H26O3
C[C@]1(CC[C@@H]2[C@H](C[C@@]2(C)CO)C(=C)CC[C@@H]1O)O	101523219	LWDUKJKEQNFYDO-NIFZNCRKSA-N	C15H26O3
CCC[C@H](C=C)[C@@H](CCC)C(=O)C(=O)OC(C)C	102021705	CTJLPQVEINPNDJ-QWHCGFSZSA-N	C15H26O3
C#CCCCCOC(=O)CCCCCCCCO	11021445	QBCSVKJFIBIISN-UHFFFAOYSA-N	C15H26O3
CCC(C)(C)C(O)OC12CC3CC(C1)C(C3)(C2)O	146872655	SONGHZQRURVETH-UHFFFAOYSA-N	C15H26O3
CCCCCCCCCCCC1[C@@H]2[C@@H](O2)C(=O)O1	10634716	RVDIQXNCNKUGFL-ILMHWDKJSA-N	C15H26O3
CCCCCCCC[C@H]1[C@@H](/C(=C/C)/OC(=O)O1)C	10515128	NMBDTYPKOSKNEE-OFINAMMDSA-N	C15H26O3
CCOC(=O)C1CCCC1[C@@H]2CCCCC2OC	89507843	NCNPRCHUHVCLOD-UDXKHGJESA-N	C15H26O3
C[C@]12CC[C@H]([C@](C1)(CC[C@@H]3[C@@H]2[C@@H](C3(C)C)O)O)O	53493185	LEKIRSOKQLMRGB-PWDJSDCWSA-N	C15H26O3
CC(=O)OC12CCCCC1(CCCC2)C(C)(C)O	140454687	CQVCYPDUOQQJBP-UHFFFAOYSA-N	C15H26O3
CCO[C@]12CC[C@@H]3[C@@](C1)(CC[C@@H](C3(C)C)O)CO2	23631610	XBNJLZVAJPMMME-VIRABCJISA-N	C15H26O3
C[C@@H]1C[C@H](OC(OC1)(C)C)CCC/C=C/C(=O)C	49845642	RGVSEILNDNGDPX-JDQXGDOCSA-N	C15H26O3
CC1(C2(O1)CCCC(CC2)C(C)(C)C)C(=O)OC	66439145	GELYQZNIMQOKBO-UHFFFAOYSA-N	C15H26O3
CCCCCCCCCCC1=CC(=O)C(C1O)O	154365518	XBHDRIWUMCVGIX-UHFFFAOYSA-N	C15H26O3
CCC1CCCC(C1)(CC2CCOCC2)C(=O)O	65401086	DZRHGFKDEXSHRP-UHFFFAOYSA-N	C15H26O3
CC(CCCC1CCCO1)OC(C)(C)C(=O)C=C	138612217	GWRBBIAIEIGOFM-UHFFFAOYSA-N	C15H26O3
COC(=O)C1(CO1)CCCCCCC2CCCC2	54415702	VXGCQUQKMYVHMT-UHFFFAOYSA-N	C15H26O3
CC1CCC(C(C1)CCO)CCOC(=O)C(=C)C	149492697	ZFKLRHNCHMFCPC-UHFFFAOYSA-N	C15H26O3
CC(C)[C@@H]1CC[C@H](C[C@H]1OC(=O)[C@@H]2CC2(C)C)O	148965607	PSRHJPMOUCBBNL-MROQNXINSA-N	C15H26O3
CC(C)[C@@H]1CC[C@@]2([C@H]1[C@H]3[C@@](CC[C@@]2(O3)O)(C)O)C	154496736	DHUDRGOPTAAHRB-DEPYFDJDSA-N	C15H26O3
CCCCCCC1C2C(O2)CC(C1(C)C(=O)O)C	154136143	YYSSDADEBAKKQN-UHFFFAOYSA-N	C15H26O3
CC1(C2CCC(C23CCC(C1(C3)O)(C)O)CO)C	20979921	PNZRRWGHPDEJKW-UHFFFAOYSA-N	C15H26O3
CC.CCC1=CC(=C(C=C1)OC)OCCCOC	145620649	ZOIMFYSBEMLFIK-UHFFFAOYSA-N	C15H26O3
CC1(CCCC(C2=C(O2)CC(CC1)CO)(C)O)C	68952860	AGJYXAXYDDPJCI-UHFFFAOYSA-N	C15H26O3
CC1C(C(CC([C@]12CC[C@@H](C2)C(=C)C)CO)O)O	129317216	NPIIWZCGVADPIE-RVNJSBCLSA-N	C15H26O3
C1CCCC(CCC1)OC(=O)C2CCC(CC2)O	122423275	GYLWGDHCSSGWHL-UHFFFAOYSA-N	C15H26O3
C/C=C/C=C/C(CCCCOC1CCCCO1)O	23643946	MUNKLKCBRHGGQO-DSXPNFDZSA-N	C15H26O3
CCCC(CC)C(C1CCCC1)(C(=O)C)C(=O)O	67361501	ILFCWMYKUPDLAD-UHFFFAOYSA-N	C15H26O3
C[C@@H]1C[C@H](OC1=O)CCCC(=C)CCCCCO	153110057	CAHBMSZOPVNVRR-ZIAGYGMSSA-N	C15H26O3
CCC(C)C1COC(O1)/C(=C/C)/C=C(\CC)/OC	143642350	QUEZPKXDBRAHLD-QYFNTBEASA-N	C15H26O3
CCCCCCCCCCOC(=O)C1CC(=O)C1	146196985	CZGLXXDAWQRDDY-UHFFFAOYSA-N	C15H26O3
C[C@@H]1CC[C@H]([C@@H]2[C@H]1CC[C@@H](C2)O)[C@@H](C)C(=O)OC	10682390	AGFLYGZXESDTIV-BSOLPCOYSA-N	C15H26O3
CCCCCCCCC/C=C\1/C(C(OC1=O)C)O	102283309	QSSHGBYNUZHOCF-QBFSEMIESA-N	C15H26O3
CCCCCC1C(=O)CCC1(C(C)C)OC(=O)C	151352870	OMVRZQXKKDFZDZ-UHFFFAOYSA-N	C15H26O3
CC/C=C\C(CCC(=O)CC(=O)OCC)C(C)C	134833522	HFHQCBMWKCAVNB-FPLPWBNLSA-N	C15H26O3
CC1CCCC(C1)(CC2(CCCCC2)O)C(=O)O	79426055	LXHCRWMENSJHEU-UHFFFAOYSA-N	C15H26O3
CCC12CCC(C1(C)C)CC23OC[C@H](O3)COC	53717122	CEPVCBGRUAUCDG-ISELTILSSA-N	C15H26O3
CC1COC(O1)C(=O)CCC(C)CCC=C(C)C	20293140	OPRWSYISZBZRPS-UHFFFAOYSA-N	C15H26O3
C1CC(CCC1CO)C(=O)C2CCC(CC2)CO	149761667	BFIZILANRDTUAB-UHFFFAOYSA-N	C15H26O3
CC1CCCC(CCC(=O)CCC(=O)C1)(C)OC	154217855	ZBHXAPWIZTYSAV-UHFFFAOYSA-N	C15H26O3
CCCCO[C@@H](CC)C/C=C(\C)/C=C/C(=O)OC	89102257	UWAUWFBANFOSHF-GPBMCDDZSA-N	C15H26O3
CCC[C@@](C)(CCC[C@](C)(C#C)OC(=O)C)OC	125500731	UHPZMZJBVVUHGA-GJZGRUSLSA-N	C15H26O3
CCCC(C)C1(CC2C(O2)OC1=O)CC(C)CC	148619307	NFYKABDPLPHWTQ-UHFFFAOYSA-N	C15H26O3
CC.C/C=C\C=C(\C)/C=C.C1CC(=O)OC1CO	144626024	DXPLNZLDPJZORV-GTWMBCDHSA-N	C15H26O3
CC(C(=O)C1CCC(CC1)C(C)(C)C)C(=O)OC	65415826	GMKZKEXOLUALLD-UHFFFAOYSA-N	C15H26O3
CCC(=O)OC1(CCCC(C12CCCO2)(C)C)C	67247450	XZMZGUODNNDBHG-UHFFFAOYSA-N	C15H26O3
CCCCC/C=C\C=C\C(CCCCC(=O)O)O	46845294	IURDERPTOIPTCU-BQGCWICQSA-N	C15H26O3
CC(=CCC1C(CC(C1(C)C)(C)O)C(=O)OC)C	53811057	FPCHRAHUVDJWOR-UHFFFAOYSA-N	C15H26O3
C[C@H](C/C=C/C(=O)C)C[C@@H](C[C@H](CC=C)O)OC	72723672	VBIUAJDYOZGSAY-OJCYQZFHSA-N	C15H26O3
CCCCCCCCC1C(=O)C=CC(O1)OCC	21397326	OTFUSKNZLQKSFF-UHFFFAOYSA-N	C15H26O3
CC1(OCC[C@H](O1)C(C)(C)C(=O)CCCC=C)C	69990484	CFVYKICLFDMSJN-ZDUSSCGKSA-N	C15H26O3
C[C@]12CCCC(=C)[C@@]1([C@@H]([C@@H](CC2)C(C)(C)O)O)O	137649022	AOMWFHLGGQJQBA-GBOPCIDUSA-N	C15H26O3
C/C(=C\CO)/CC/C=C(\C)/COC1CCCCO1	11064987	YDZGVMBMEMKXNF-BTLVJFLNSA-N	C15H26O3
CC(=O)[C@@H](CC(=O)OC1CCCCC1)C(C)(C)C	89774844	MTRRWGWYAOIVPG-CYBMUJFWSA-N	C15H26O3
CC1CCC(=O)CCCCCCCCCC(=O)O1	85536520	VYHPYLJWAYVWNU-UHFFFAOYSA-N	C15H26O3
CC(=CCCC1(OCCO1)C)CCC=C(C)CO	73110874	KQNRBKXSSGWRPN-UHFFFAOYSA-N	C15H26O3
CC[C@@H]1[C@@H](CCC1=O)CCCCCCCC(=O)O	446259	GLRMWSFDUFLJOT-CHWSQXEVSA-N	C15H26O3
COC(CO)COCC12CC3CC(C1)CC(C3)C2	154178780	ZHUGRRUMQWVTHA-UHFFFAOYSA-N	C15H26O3
CC(C)C(C(=O)OCC1C(C1(C)C)C=C(C)C)O	91711065	LMUFVISGPNZNCI-UHFFFAOYSA-N	C15H26O3
C1CCCCC(=O)OCCCCCC(=O)CCC1	21588958	YOFBXVJXHPXTMR-UHFFFAOYSA-N	C15H26O3
C(CCCC#CCCCCCC(=O)O)CCCO	21631793	RZCYQFUGIRPTJC-UHFFFAOYSA-N	C15H26O3
CCCC1(CC(C1)(C(=O)CC)C(=O)OC)CCC	79554019	QROJNISBNDWOBR-UHFFFAOYSA-N	C15H26O3
CC1CC/C=C(\[C@H](C[C@@]2([C@H]([C@H]1O)O2)C(C)C)O)/C	101615173	OWGGVNORLVYUBQ-CMVRCPHGSA-N	C15H26O3
CCCCCOC1C(C=C(C(=O)CC1(C)C)C)O	67719468	SWEXYKFYNHCECM-UHFFFAOYSA-N	C15H26O3
CC1CC(C=C1)C(C)COCC2COC(O2)(C)C	71220722	ZZMMEUVUDLYHJF-UHFFFAOYSA-N	C15H26O3
CCC1(CC2(CCCCC2OC)OC1=O)C(C)C	144423719	HZEKOOJEZWUTSJ-UHFFFAOYSA-N	C15H26O3
C[C@@]12C(CC1O)C([C@@H](C3C2CC(C3)(C)C)O)CO	91753573	HNXKXCUDHZKBFM-SCKGCYGMSA-N	C15H26O3
CCC1CCCC(C1)(CC2CCC(O2)C)C(=O)O	103142333	GMSIGJUISRIGSU-UHFFFAOYSA-N	C15H26O3
C[C@H]1CCC[C@H](C1)OC(=O)O[C@@H]2CCC[C@@H](C2)C	89599396	KSJKSOGQXQVYAL-IGQOVBAYSA-N	C15H26O3
CC(C)(C)C(=O)C1(CCC1)CC(=O)OC(C)(C)C	149358717	YHMIFEZSWBROLA-UHFFFAOYSA-N	C15H26O3
C[C@]12[C@H](CCC[C@H]1O)C[C@H](CC2=C)[C@](C)(CO)O	71814252	GOXKUVRNTIJDQQ-SEBNEYGDSA-N	C15H26O3
CC1(CC(=O)CC1OC(=O)C(C)(C)C(C)(C)C)C	90688965	GZFOBQIGEYBNFN-UHFFFAOYSA-N	C15H26O3
C1CCCCC(CCCC1)(C/C=C/CC(=O)O)O	10824858	JTOICCOSACNAKF-RMKNXTFCSA-N	C15H26O3
CC(C)(C)OC(=O)C1CCC2CCCCC2C1O	145789523	WBPHDZVHLUMKDS-UHFFFAOYSA-N	C15H26O3
CCCCCOC1CCCCC1OC(=O)C(=C)C	141143309	UEKQBGMWOMSQIW-UHFFFAOYSA-N	C15H26O3
CC(CCC=C(C)C)CC(=O)CCCOC(=O)C	10467511	XAIOIYADGHTMOA-UHFFFAOYSA-N	C15H26O3
CCC1CCC(CC1)(CCC2CCCO2)C(=O)O	65393499	NBXCWPCDCAMHFJ-UHFFFAOYSA-N	C15H26O3
CCCOC(=O)OC(C)(C)C.C1CC2CC1C=C2	69817488	KXYVYDIBJJNVMX-UHFFFAOYSA-N	C15H26O3
C/C(=C\CCCC(=O)OC)/C[C@H]1CCCC1CO	153353550	JDOQCOHHSGIOQQ-ZEECBQICSA-N	C15H26O3
CCCCCCC(C#CCOC1CCCCO1)O	10944981	QBTSXUNWBKZLIG-UHFFFAOYSA-N	C15H26O3
CCCCCCC1(CCCCC1=O)C(=O)OCC	14968937	GFKIZCVJHDEOCL-UHFFFAOYSA-N	C15H26O3
CCC1([C@@H](CC(=O)C=C1C)C)CC[C@](C)(CO)O	152893590	UDXNWLVZLLSQSB-QRYBPTEFSA-N	C15H26O3
CC1(C(=O)CCC2(C1(CCC2OCOC)C)C)C	123193228	GDWUVYVHXXCZMB-UHFFFAOYSA-N	C15H26O3
CCC(C)[C@H](O)OC12CC3CC(C1)CC(C3)(C2)O	68077615	OBFXDZSEZFOUPP-DNKVGAQPSA-N	C15H26O3
C[C@H](CCC=C(CO)CO)[C@@H]1CC[C@@](C=C1)(C)O	146683367	LPTHZECLXVTTRV-SNPRPXQTSA-N	C15H26O3
C[C@H]1C[C@@H](C2([C@@]3([C@H]1C[C@H](C2(C)CO)CC3)C)O)O	101089076	DZXVYUCFZXZBIE-ZGESDVFCSA-N	C15H26O3
CCC(CC)(C(=O)C1CCC(CC1)C(=O)C)OC	148783986	BTWLDINHJLZEAM-UHFFFAOYSA-N	C15H26O3
CCCC1CC(C1)(C(=O)CC(C)C)C(=O)OCC	80443207	SHAPPNZSNSOBGX-UHFFFAOYSA-N	C15H26O3
CC1CCC(CC1)C(C2CCCCC2)(C(=O)O)O	275143	QZHULXMRSZMOEF-UHFFFAOYSA-N	C15H26O3
CC1(O[C@@H]([C@@H](O1)[C@@](C)(C=C)O)C2CCCCC2)C	44232882	CXBPNMJEWHBOID-UMVBOHGHSA-N	C15H26O3
CC.CC.CCOC(=O)COC1=CC=CC(=C1)C	144008612	COSYAKOSZVDXJO-UHFFFAOYSA-N	C15H26O3
CCC1CC(C(C1)C(C)(C2CCOC2=O)O)CC	20608169	RUWLZIINOCDLOA-UHFFFAOYSA-N	C15H26O3
CCOC(=O)CCCCCC(=O)C1CCCCC1	24727430	CGLXGLVLRGHIRH-UHFFFAOYSA-N	C15H26O3
CC1CC(CC(=C1)C)C(C(C(C)C)C(=O)OC)O	113797569	GSRURNGXBKUYEY-UHFFFAOYSA-N	C15H26O3
CCC1CC(C(=O)C(C(C(=O)C1C)CO)CC)C	123817309	IXDXGXUTAYIKHF-UHFFFAOYSA-N	C15H26O3
C=CCCCCCCCC[C@H]([C@H]1CCC(=O)O1)O	134989143	WOYXNOCLJQFUFG-ZIAGYGMSSA-N	C15H26O3
CC(=O)C[C@@]1(CC(=C)[C@H](C[C@@H]1OC(C)(C)C)O)C	101431110	KEINSXQJESXDBA-YDHLFZDLSA-N	C15H26O3
C1CCCCCC(=O)OCCCC(=O)CCCC1	3094320	QFRZEGADDLNLLM-UHFFFAOYSA-N	C15H26O3
CC(=C[C@H]1[C@H](C1(C)C)C(=O)OCCCCCO)C	100715640	UWYHFDCZHVGLRR-STQMWFEESA-N	C15H26O3
C[C@@H]1C[C@H]2[C@H](C[C@@H]1O)C(=C)[C@@H]([C@H]([C@@H]2C(C)C)O)O	15767795	DFYIKKVNOBCCJO-KUXHGULKSA-N	C15H26O3
C[C@@H]1C[C@@H](OC(C1=C)CCO)CC[C@@H](C(=C)C)O	155150053	HPRPMVJQDCDZSO-LKWLHFCZSA-N	C15H26O3
CCC1CCCCC1C(=O)C2(CCOCC2)OC	113560022	FLIUVDCDBKJSCP-UHFFFAOYSA-N	C15H26O3
C1CCC2C(C1)CCCC2C3CC([C@H](O3)CO)O	148070485	JJZMZBVYTJOGKV-IDWKVMDRSA-N	C15H26O3
CCC(C)(C)C(=O)OC1(CCCC1)C2CCOC2	57880053	RHVXYLQKBZQYKS-UHFFFAOYSA-N	C15H26O3
CC(=CCC[C@@](C)([C@H]1CC[C@@](O1)(C)[C@H]2CO2)O)C	11817663	SIFMFKJOXQGUAK-KBXIAJHMSA-N	C15H26O3
CC(C(=O)OCOC1CC2CCC1C2)C(C)(C)C	132263568	UALSUDIBBDZZPZ-UHFFFAOYSA-N	C15H26O3
CCCC(=O)OCC(=O)C1(CCC(C1(C)C)C)C	2750745	ZISHAZSXGYJZLK-UHFFFAOYSA-N	C15H26O3
C1CCCCCOC(=O)CCCC(=O)CCCC1	85953196	CIPNJGOGEIKVQF-UHFFFAOYSA-N	C15H26O3
CC(=CCCOC(=O)C1CC[C@](C1(C)C)(C)O)C	70482982	VVZXSHGODPLNCZ-CVRLYYSRSA-N	C15H26O3
CCOC1(CCCCCC1)C(=O)C2CCOCC2	116750745	OWXNARJFMXBZQL-UHFFFAOYSA-N	C15H26O3
CC(C)[C@@H]1CC[C@]2([C@H](O2)CC[C@]3([C@@H]([C@@H]1O)O3)C)C	124708193	CZZAIHWBOUXBPS-ZYIYBEKCSA-N	C15H26O3
CC1CCC(CC1)(C2CCOC3(C2)CCOC3)O	79900916	BBSFUFWYHYAOAZ-UHFFFAOYSA-N	C15H26O3
C=C(CCCCOCCC1CCCCC1)C(=O)O	20471716	DQZONIWPNGNXIW-UHFFFAOYSA-N	C15H26O3
CC1(C[C@H]2[C@@H](C[C@H]1C[C@@H]2O[C@H]3CCCCO3)O)C	125035057	NHPPFQUCJOGAQU-HPCHECBXSA-N	C15H26O3
CCCC(=O)C1(CC(C1)C(C)(C)C)C(=O)OCC	79554854	QHDSVRJNVMRYAR-UHFFFAOYSA-N	C15H26O3
C1CC(OC1)CCC(C2CCOC3(C2)CCC3)O	113663718	CWHAEIYIIVZQEH-UHFFFAOYSA-N	C15H26O3
CCCC(=O)C(=O)O[C@@H]1C[C@@H](CC[C@H]1C(C)C)C	58544894	DDAFPICYENUYRP-MBNYWOFBSA-N	C15H26O3
CC(C)[C@H]\1CCC(=C)[C@H](CC[C@@](/C=C1)(C)O)OO	21626409	IYQPDCHHTWJQQK-DUIMAYQASA-N	C15H26O3
C/C(=C\COC(=O)C(C)(C)C)/CC[C@H]1C(O1)(C)C	101165200	ZXJFQTIWZOTEKM-ZKQHCESOSA-N	C15H26O3
CC1(CC(CCO1)(C2CCOC3(C2)CCC3)O)C	79913293	RJCVIJRMCVFCNC-UHFFFAOYSA-N	C15H26O3
C/C/1=C\[C@H]([C@@H](CCC(=C)[C@@H](CC1)O)C(C)(C)O)O	15479893	VFQLUDQXKLLHAN-ONPCJRBJSA-N	C15H26O3
CCCCC(C(=O)C1CCC(CC1)C)C(=O)OC	80046195	ILKAHLFFZUGVIU-UHFFFAOYSA-N	C15H26O3
CC(=O)CCC[C@@]1(CC[C@H](CC1=O)C(C)(C)O)C	11172838	IQKFJIADNDSMNL-IUODEOHRSA-N	C15H26O3
CC(=O)CCC(=O)OCCCCCCCCC=C	102336472	CNNQDHGVKGACAL-UHFFFAOYSA-N	C15H26O3
C[C@]12C[C@H]([C@@H]3[C@H](CC3(C)C)[C@](C1)(CC[C@H]2O)O)O	44207406	JHERQLKSYGCRLC-OFVCQEMXSA-N	C15H26O3
CCC(=O)CC(=O)O[C@@H]1C[C@@H](CC[C@H]1C(C)C)C	59762822	VTHJEEAAMSZNHY-KWCYVHTRSA-N	C15H26O3
CCC1CC1CC2CC2C[C@H]([C@@H](CC)C(=O)O)O	58300527	QRLPHSLZHKIQHB-NCXJMQDXSA-N	C15H26O3
CC(C)C(=O)OC(C)(C)CC1CC2(C1CCC2)O	148763499	OGZXGDYPPHQOSD-UHFFFAOYSA-N	C15H26O3
C1CCC(CC1)CCCC(=O)OCC2CCCO2	78789016	JDGPLVUDVRFSHV-UHFFFAOYSA-N	C15H26O3
CCCCCCC#CC(C)(COC)C(=O)OCC	102390808	JKIIZSLUPUUUMP-UHFFFAOYSA-N	C15H26O3
CCC(CC1CO1)(CC2CO2)C3CCC(CC3)O	155273301	GTOTWEZVQJMAAJ-UHFFFAOYSA-N	C15H26O3
CC(=C)C(CCC(=C)C(CC/C(=C/CO)/C)O)O	24976274	FDZOHVFYVCXZNK-FMIVXFBMSA-N	C15H26O3
CC(CC1CC2(CC2)OC3(O1)CCCCCC3)O	59817312	DEXRSEYZVMOOLC-UHFFFAOYSA-N	C15H26O3
CCCCCC(CC)OC(=O)CC1CCC2C1O2	153845470	USFKIJWSCZOWFM-UHFFFAOYSA-N	C15H26O3
CCCC1CCC2[C@@H]3CCC([C@H]3CCC2(O1)O)O	68145328	TUTXSWJAJSMTGQ-DPSYZQMFSA-N	C15H26O3
C[C@@]1([C@@H](O1)CCC(C)(C)OC2CCCCO2)C=C	21626842	FECKCCYCXBOMPW-YOYPFHDYSA-N	C15H26O3
CCCCCCCCOC(=O)/C=C\1/CCCC1O	101395816	GLPZXUQWGFVSHL-SEYXRHQNSA-N	C15H26O3
CCC(C)C1=CC=C(CC1)OC(CO)COCC	148834237	OUGVKJMOHZLONX-UHFFFAOYSA-N	C15H26O3
C[C@@H]1CC[C@]2(O1)[C@@](CCCC2(C)C)(C)OC(=O)C	108787	LTAWGWRPOGXHBD-BYCMXARLSA-N	C15H26O3
CC(CCCC(=O)OC)C1CCCC(=O)C1(C)C	20578077	MLEAFIRDHIPYNT-UHFFFAOYSA-N	C15H26O3
CCOC(=O)CC(=O)CCC(C)CCC=C(C)C	75631701	XZOYFUQSGGZCHC-UHFFFAOYSA-N	C15H26O3
CCOC(=O)CC1CCC(C1C2CCCCC2)O	146603337	JAAIRWIBOILKGK-UHFFFAOYSA-N	C15H26O3
CC[C@H]1CCC(=O)CCCCCCCCC(=O)O1	21627316	QXZDNVMYCDSYOO-AWEZNQCLSA-N	C15H26O3
C[C@@H]1CC[C@H]([C@@H]2[C@H]1CCC(=C2)COO)[C@@H](C)CO	21628193	MGLHMEAEJCTTCX-GCPZOVCVSA-N	C15H26O3
C/C(=C\CCC1(OCCO1)C)/CC[C@H]2C(O2)(C)C	24859457	BAPPDUOAWCEOSC-UWUHSAQLSA-N	C15H26O3
CCCC(CC)C(C)(C)CCC1CC(=O)OC1=O	88685335	BYVLNQDHVXHTNL-UHFFFAOYSA-N	C15H26O3
CCCCCC(CCCC1CC=CC(=O)O1)OC	75972408	DHBLYUJYBXTXMF-UHFFFAOYSA-N	C15H26O3
C[C@@H]1CO[C@@H]([C@H]2[C@@H]1[C@H]3[C@H](C3(C)C)CC[C@@]2(C)O)O	139587894	COBXIBUCVCLXPP-PTNXLTBZSA-N	C15H26O3
CC12OCC(CO1)(CO2)CCCCCCCC=C	85806756	RDFBHXWHHWWZKG-UHFFFAOYSA-N	C15H26O3
CC(CC(=CC(=O)C=C(C)CC(C)OC)C)OC	139892310	LIERJWBCWZHEJH-UHFFFAOYSA-N	C15H26O3
CC(CC/C=C/C/C=C/CCCO)CCC(=O)O	18981414	XMQJOKYILVVZFT-GGWOSOGESA-N	C15H26O3
CCOC(=O)CCC1CC(CCC1=O)C(C)(C)C	12888086	DGFMWHFQQQQHBK-UHFFFAOYSA-N	C15H26O3
C[C@@H]1CC([C@@]2([C@]1(CCC3([C@H]2C)OCCO3)C)C)O	10890465	RISLFXHPLKEWPZ-XVKMIGGXSA-N	C15H26O3
CCC(C)(C)C(=O)C.C1CC2CC1CC2C(=O)O	90932880	HXWQYCYLPVMNDE-UHFFFAOYSA-N	C15H26O3
CC(C)CCCC(C)C/C=C/C(=C(\C(=O)O)/O)/C	140997134	CXIRAZRRZQSXAN-NOQWHZBDSA-N	C15H26O3
CC1CC(CC(C1)(C)C)C(CCO)C(=C)C(=O)O	118339754	ANEUZXVYPMDXPX-UHFFFAOYSA-N	C15H26O3
CC(C)[C@@H]1CC[C@]2([C@]([C@]2(C1)OC)(C)C(=O)OC)C	11010530	JLTRMCYOWRQKNZ-UQOMUDLDSA-N	C15H26O3
CC(=CCCC(=O)C)CCC=C(C)COCOC	54076998	MKKBUCAMYKBPNY-UHFFFAOYSA-N	C15H26O3
CCCC(=O)CC=CCCCCCCCC(=O)O	88372717	HVPFXGOBVVDMRV-UHFFFAOYSA-N	C15H26O3
CCCC[C@H](CC)COC(=O)[C@@H]1CC[C@@H]2[C@H](C1)O2	98048632	ABAMRJVWDHJBTI-DGAVXFQQSA-N	C15H26O3
CC1(OCC(O1)CCC[C@H]2[C@@H](CCCO2)C=C)C	101060566	DPLPWLDRFXKYPD-YIOYIWSBSA-N	C15H26O3
CCC(CO/C=C/C)(CO/C=C/C)CO/C=C/C	15357021	LQYSBSJOLPSPRC-NYHHSSDGSA-N	C15H26O3
C[C@@H]1CCC[C@@H](C1)OC(=O)O[C@H]2CCC[C@H](C2)C	140609211	KSJKSOGQXQVYAL-MQYQWHSLSA-N	C15H26O3
C[C@@]12[C@H](O1)CC[C@@H]([C@H]3CC([C@@H]3C[C@H]2O)(C)C)CO	16091568	PTIVJDNUAGEGNR-QTPLKFIXSA-N	C15H26O3
C[C@H]1C[C@H]([C@@]23[C@@]1(CC[C@@H](C2)C([C@]3(C)O)(C)C)O)O	73603988	DFLGYWIGWAMCGS-ZFMHXWJXSA-N	C15H26O3
CC(=C)COCC(COCC(=C)C)OCC(=C)C	86004881	WQBINWOYEPYLKY-UHFFFAOYSA-N	C15H26O3
C[C@@H]1[C@@H](CCC2=CC[C@H](C[C@]12C)C(C)(CO)O)O	11425333	NNTOBXLJHWUJOK-RKHBJWJHSA-N	C15H26O3
CC1CCCCO[C@@]12CC[C@@H](C(C2)(C)C)C(=O)O	147451154	DYCAIMUFZYRQFI-AADWAWOOSA-N	C15H26O3
CCOC(=O)/C=C\CCCCCCCCCC=O	101995796	AFWNFVQSYFRWAN-QBFSEMIESA-N	C15H26O3
C[C@@H]1CC[C@H]([C@@H]2[C@H]1CCC(C2)(C)O)[C@@H](C)C(=O)O	10587072	HSOPBTCGSYKCGY-SHSNEVMNSA-N	C15H26O3
C[C@H]1CC[C@@H]([C@@H](C2=C[C@@](C[C@@H]12)(C)CO)CO)CO	46872579	CXRTZNIGUJLOOU-XXUMUBMXSA-N	C15H26O3
C1CCCCCC(=O)OC=CCOCCCCC1	85536515	SCLFKFCJARXHHG-UHFFFAOYSA-N	C15H26O3
C[C@@H]1CC[C@]2(O1)[C@](CCCC2(C)C)(C)OC(=O)C	108786	LTAWGWRPOGXHBD-KCPJHIHWSA-N	C15H26O3
CCCCCC[C@H](CC#CC(=O)OC(C)(C)C)O	10901193	AESMVJYMXYMEQL-CYBMUJFWSA-N	C15H26O3
CCOC1(CCCC(C1)C)C(=O)C2CCCOC2	107136027	JTSMXYQXWYKAGJ-UHFFFAOYSA-N	C15H26O3
C[C@]12CC[C@H]([C@@]1(C)CCC=C(CO)CO)C[C@@H]2O	11579729	LXJAYIDTHSGGSL-BYNSBNAKSA-N	C15H26O3
C[C@]1(CC[C@@H](C(=C2[C@H]1CC(C2)(C)C)CO)CO)O	46872466	DXKCLZDLKKIKGI-WDBKCZKBSA-N	C15H26O3
C[C@@]12CC[C@H](C[C@@]1(CC(=O)CC2)C)COCOC	15352898	AVNDHIVFKAIEND-VHDGCEQUSA-N	C15H26O3
C[C@H](CC([C@](C)(CC1OCCO1)C=C)O)C(=C)C	71653074	OXCHLBKNVIKMDW-JHIQODARSA-N	C15H26O3
CCCCCCCCC#C[C@@H](CCC(=O)OC)O	11021446	ZDYJUAHGGVPCPZ-AWEZNQCLSA-N	C15H26O3
CCCCCCCCCCC(=O)OC(=O)C(=C)C	88716431	PHCUKGVEZRZQFY-UHFFFAOYSA-N	C15H26O3
CCCOCCC(C)(C)/C(=C/C)/C(=O)/C(=C\C)/O	143079891	UHHDXLNLDQUTMG-INOXDZRUSA-N	C15H26O3
CC1CCC(C1)C(C2CCOC3(C2)CCOC3)O	79921022	QYWGPAVYODNERH-UHFFFAOYSA-N	C15H26O3
C1CCC2(C1)CC(CCO2)C(CC3CCOC3)O	103986388	TUZFSQFCAGTINB-UHFFFAOYSA-N	C15H26O3
CCC12CCC3(C(C1CCC2O)CCC(O3)C)O	21501220	PPNYWAQRYLSKBH-UHFFFAOYSA-N	C15H26O3
CC1C2C(CC3CCCCC3C2OC)C(O1)OC	142000431	QSIOQVSYRYREBA-UHFFFAOYSA-N	C15H26O3
CCCCCCC#C[C@@H]([C@H](/C=C/C)OCOC)O	134992610	FLGLDWXJMKOWMD-UVUVOCPQSA-N	C15H26O3
CCCCCCCCOC(=O)CCC(=O)C1CC1	102257224	NBODJCITEQYZCX-UHFFFAOYSA-N	C15H26O3
CCCOCCCCC(=O)OC1=CCCCCC1	134561659	ZHIUNGAZADCCNS-UHFFFAOYSA-N	C15H26O3
C[C@]1(CC[C@@H]([C@@H](C2=CC(C[C@H]21)(C)C)CO)CO)O	101891056	JBCTUOAHMOVMOD-CQROYNQRSA-N	C15H26O3
CCCCCCC(/C=C/1\C(=CCO1)C)OCOC	10060893	ZLYSAVFRTRHRGD-RVDMUPIBSA-N	C15H26O3
CC(=O)C1CCC(CC1)CCC(=O)OC(C)(C)C	58356151	KXXORWPCUCMOGT-UHFFFAOYSA-N	C15H26O3
C[C@]1(CC[C@H](O1)[C@]2(CC[C@H](O2)C(C)(C)O)C)C=C	102388162	NIXDFTGPXHQNSC-DDHJSBNISA-N	C15H26O3
C1CCC(=O)OCCCCOCCCC/C=C/C1	70037040	BMNMOZJSDLGNBJ-OWOJBTEDSA-N	C15H26O3
CCOC(=O)C(C(C)C)C(=O)C1CCCC(C1)C	61867736	LJHSJDDXKMWKCT-UHFFFAOYSA-N	C15H26O3
CC1=C(C(C2(CC1)COC(CO2)(C)C)(C)C)CO	102247218	ISRPQSKQGPCRNS-UHFFFAOYSA-N	C15H26O3
CC1(OC[C@@H](O1)[C@H]([C@H](C=C)C2CCCCC2)O)C	11780069	IAGBQDABBORMSA-MCIONIFRSA-N	C15H26O3
CCCCCCCC(=O)/C=C/CCC1OCCO1	24978090	BAJZBUONHXXAOV-JXMROGBWSA-N	C15H26O3
C1CCCCCC(=O)C(CCCC1)CCC(=O)O	2775083	ZWJHEHCSBAMCBQ-UHFFFAOYSA-N	C15H26O3
CCOC(C)(C)CCOC(=CC(=CC)OC)C=C	123672528	OKPRJVMBNUHZJY-UHFFFAOYSA-N	C15H26O3
CC(C)OCC(=O)OC1CC2CCC1(C2(C)C)C	112687176	WEZQMMJUYCQZFA-UHFFFAOYSA-N	C15H26O3
CCCC1(C2(O1)CCC(CC2)CC)C(=O)OCC	83048101	TUHLTLGYOWOZPS-UHFFFAOYSA-N	C15H26O3
C1CC(CC(C1)O)C2CCOC3(C2)CCOCC3	79923997	BZOHXBBCZOUXHZ-UHFFFAOYSA-N	C15H26O3
CCC1C2(O1)C(O2)CCCCCCCC(=O)CC	88695593	HNNRSSZARGFBPJ-UHFFFAOYSA-N	C15H26O3
CCCCCC1CC(CC1=O)CC(=O)OCCC	123163726	UOACXFMYXKQRGC-UHFFFAOYSA-N	C15H26O3
CCCC1CC(CC1C(=O)OC2CCCCO2)C	20622016	SYWADGZSYJAGMX-UHFFFAOYSA-N	C15H26O3
CCC(C)(C1CCOC2(C1)CCCCC2)C(=O)O	79902233	CHDDUJXZQLBETC-UHFFFAOYSA-N	C15H26O3
C1CCC2(C1)CC(CCO2)C(C3(CCCC3)O)O	113816592	KCDVDRANVJGIAY-UHFFFAOYSA-N	C15H26O3
CCCCCCC=C[C@H]1[C@@H](OC(O1)(C)C)[C@H]2CO2	56995929	ZVVSFKITTDTOHL-BFHYXJOUSA-N	C15H26O3
C[C@H](CCC=C(C)C)CC=C[C@@H](C)OC(=O)OC	54513698	YKXLMTGKBHZKQL-ZIAGYGMSSA-N	C15H26O3
CCC(CO/C=C\C)(CO/C=C\C)CO/C=C\C	10901197	LQYSBSJOLPSPRC-URXQNVNOSA-N	C15H26O3
CC(C)[C@@H]1CC[C@@]2([C@H](O2)CC[C@]3([C@H]([C@@H]1O)O3)C)C	15690423	CZZAIHWBOUXBPS-MTWVNVMRSA-N	C15H26O3
CCOC1(CCC(CC1)(C)C)C(=O)C2CCOC2	116750072	SNXKPNNSPJONGB-UHFFFAOYSA-N	C15H26O3
C[C@H](CCCC(=O)OC)[C@H]1CCCC(=O)C1(C)C	59054925	MLEAFIRDHIPYNT-VXGBXAGGSA-N	C15H26O3
CC(CCCC(C)(C)OC)CC=CC=CC(=O)O	54089492	MSVXUYXJEDKEJS-UHFFFAOYSA-N	C15H26O3
CCC(C)(C)C(=O)OC1(CCCC1)C2CCCO2	58734411	CFABAIHPKMFCSL-UHFFFAOYSA-N	C15H26O3
CCOC(C[C@H]1C[C@H]2CC[C@@]1(C=C2)OC)OCC	94037416	KPBRKGSARDMUIS-UMVBOHGHSA-N	C15H26O3
CCC1CCCC1(C2CCOC3(C2)CCOC3)O	113483856	GOITYGDGIDOCNO-UHFFFAOYSA-N	C15H26O3
C[C@H]1CC(=O)CCCCCCCCC(=O)O[C@H]1C	23243028	DHQBHKDDDXAEAU-STQMWFEESA-N	C15H26O3
CC1CCC(C(C1)CCCC2CCCO2)C(=O)O	81021527	CMCYIKWMQMHQRL-UHFFFAOYSA-N	C15H26O3
CCCCCCCCCCCC(=O)C=CC(=O)O	85866664	DXAFGBFUHZKPKD-UHFFFAOYSA-N	C15H26O3
CCCCCCC1CC(=O)CCC1C(=O)OCC	3022419	DJUSCERMQZVELF-UHFFFAOYSA-N	C15H26O3
CC1CCC(CC1)C2CCC(CC2)(CC(=O)O)O	59923044	SPWGKQRWQLXGRG-UHFFFAOYSA-N	C15H26O3
CCC(C)C(=O)OCOCC1(CC2CCC1C2)C	57793699	LIKUXSSBIWMREK-UHFFFAOYSA-N	C15H26O3
CC[C@@H]1[C@H](CC[C@@]2(O1)C[C@H](C[C@H](O2)CC=C)O)C	135019359	SGGVAZSVAGQKSR-VQJWOFKYSA-N	C15H26O3
CCOC(=O)[C@H]1CCCC[C@]1(C2CCCCC2)O	70465628	MFUOMXFOQWOPLK-UKRRQHHQSA-N	C15H26O3
CC1CCC(=C(C)C)C(C1)(C(C(C)C)C(=O)O)O	66039314	YZHCBSLAGMGHLP-UHFFFAOYSA-N	C15H26O3
CC(C)CCCC(C)CC1C(O1)C(=CC(=O)O)C	71380972	CYELMWBAXKUYBJ-UHFFFAOYSA-N	C15H26O3
CCC[C@@]12CCC3(C[C@H]1CCC[C@H]2O)OCCO3	135131626	KYTCMCPRUKPTNM-MGPQQGTHSA-N	C15H26O3
C[C@@H](CCO)/C(=C/CC/C(=C/COC(=O)C)/C)/C	10777357	RFRSQBBBMINXDL-GDZZGFLCSA-N	C15H26O3
CC(=C)C(=O)OCCCCCC1(CCCCC1)O	150951969	LKHCNCBVUABKKJ-UHFFFAOYSA-N	C15H26O3
CCC[C@H]1[C@@H](C[C@H]([C@H](O1)C)C(=O)OCC)C(=C)C	57338562	YDZPQHDUDOTINJ-RQJABVFESA-N	C15H26O3
CC(CCOCC=C)(COCC=C)COCC=C	87770033	IOZKFDWOTSVPHT-UHFFFAOYSA-N	C15H26O3
CCCCC[C@@H]([C@@H]1CCCC2(C1=C)OCCO2)O	10445036	TVUIQOPIHJHFRS-KGLIPLIRSA-N	C15H26O3
C/C=C/[C@H]1CCCC(=O)[C@@H]1CCCC(OC)OC	11172837	UTTKJBZQGDKMKJ-KVOPJGFESA-N	C15H26O3
CC1CCC(CC1)(C2CCCC(C2)OC)C(=O)O	79424989	DHMZMULYKBRZLK-UHFFFAOYSA-N	C15H26O3
COCCCC(=O)O[C@@H]1CC[C@@H]2CCCC[C@@H]2C1	99804234	REVMRPMUHJASAP-BFHYXJOUSA-N	C15H26O3
C[C@H]1[C@@H](C[C@H](CC2=C1C[C@@H]([C@@H]2C)O)C(C)(C)O)O	16681441	VPONRBCWXRWGGK-BZROYUPASA-N	C15H26O3
CCC(=O)C(C)(C)C1CCOC2(O1)CCCCC2	76495795	PUKZBKQHLPYUEE-UHFFFAOYSA-N	C15H26O3
C1CCCC(CCC1)(CC2CCOCC2)C(=O)O	80609319	DBVVKVYACRVRQH-UHFFFAOYSA-N	C15H26O3
CCCCCC1CC(=C)C2(O1)OCC(CO2)(C)C	14738884	VIPUPORCNMBEJE-UHFFFAOYSA-N	C15H26O3
CCCOC(=O)CC(C)C(=O)C1CCCC(C1)C	19748325	MJXVNBKVWPNOAJ-UHFFFAOYSA-N	C15H26O3
CC(C)C(C)(C12CC3CC(C1)(CC(C3)(C2)O)O)O	18323346	ZMCRQYUZDXFCCM-UHFFFAOYSA-N	C15H26O3
C/C(=C\CC/C(=C/CO)/C)/CCC(=O)C(C)(C)O	101930567	WTQFWAAOMFUMMW-WAAHFECUSA-N	C15H26O3
CC.CC.CC1=CC=C(C=C1)OC(=O)CCCO	143199586	GBTKHJDILZXYCJ-UHFFFAOYSA-N	C15H26O3
COC1(CCCCC1)C(=O)CCCC2CCCO2	113559931	PIUNCGXMELAMHO-UHFFFAOYSA-N	C15H26O3
CCCC(=O)CC(C)C(=O)C(C)CC(=O)CCC	88805586	NKSWUOOKFYJJMB-UHFFFAOYSA-N	C15H26O3
C[C@H]([C@H]1CC[C@]1(C)C2CCC(CC2)C(=O)OC)O	57379912	QDKSQEXIGGWXFY-BPQYZBMNSA-N	C15H26O3
CC1CC(CC(C1)OC2(CCC2)CC(=O)OC)C	103272768	PKICYKIJRLJUGO-UHFFFAOYSA-N	C15H26O3
C1CCC2(C1)CC(CCO2)C(CC3CCCO3)O	79922097	AAWMIZJUJHLEJC-UHFFFAOYSA-N	C15H26O3
CC1(C2CCC(=O)C2(CCCC1OCOC)C)C	132989940	VDLGUMMESGMABP-UHFFFAOYSA-N	C15H26O3
CCC[C@H]1[C@H](OC(O1)(C)C)C(C#CCC(C)C)O	58304990	UHPINKMSZLHZKK-KFTPUPIBSA-N	C15H26O3
CC.CC.CC.CC(=O)/C=C/C1=COC(=C1)C=O	144003845	PHPNPCCSQMVSDQ-HZBIHQSRSA-N	C15H26O3
C[C@H]1CC=CC[C@@H](OC(=O)CCC[C@@H]1O)C(C)C	123469999	UABLBQQGGCNTFK-MELADBBJSA-N	C15H26O3
CCOC(=O)C1(CCCCCC1)C(=O)CC(C)C	80443250	YICWEYYMGWGPGP-UHFFFAOYSA-N	C15H26O3
CCC(C)(C)C(=O)OC(C)(C)C1CCCC(=O)C1	23561943	YTCLZQQDTRPITP-UHFFFAOYSA-N	C15H26O3
C/C/1=C\CC[C@]2([C@H](O2)[C@@H]([C@@H]([C@H](C1)O)C(C)C)O)C	101702139	ZLJPGLNKPXPCBJ-JWJSGRPSSA-N	C15H26O3
CCCCCCC(CC1=C(C=CO1)C)OCOC	9992497	SPAPHVFXRPZBBT-UHFFFAOYSA-N	C15H26O3
C[C@@H](CC=C)[C@H](C)[C@@H](C)C(=O)C[C@@H](C)CC(=O)O	59097741	GCWIAZVBLJLARW-MROQNXINSA-N	C15H26O3
C[C@@H]1C[C@@H](C[C@]2([C@@H]1C(=O)[C@@H](CC2)C(C)(C)O)C)O	98090284	DIDZMOYZGJUXCV-TVEHIPJCSA-N	C15H26O3
CCCCCCC[C@]1(CCCC1=O)C(=O)OCC	129408574	XOLLWGZPNRBVTM-OAHLLOKOSA-N	C15H26O3
C1CCC2(CC1)C(CC2OCC3CCCCO3)O	66367932	PSTGKSYUBSNPOE-UHFFFAOYSA-N	C15H26O3
C/C=C/CC[C@@](C)(C=C)[C@H]([C@H]1COC(O1)(C)C)O	102260513	JRXAMIGUDVJAER-OMYJKBOASA-N	C15H26O3
CCC(CC)(O)O.C1=CC=C(C=C1)CCCCO	145684331	VYSMCKNCRKETQF-UHFFFAOYSA-N	C15H26O3
CC1CCC2(C(C1=C)CCC(C2CO)(CO)O)C	139588585	LZORNOZYYPWODR-UHFFFAOYSA-N	C15H26O3
CCCC1CCC(CC1)(CC2CCCO2)C(=O)O	65424314	QXDFAFOLMFQZKQ-UHFFFAOYSA-N	C15H26O3
CC(=COCCCCCCCCCC=C)C(=O)O	151031446	MADLAOQACYVNKV-UHFFFAOYSA-N	C15H26O3
C[C@H]1[C@@H]2CC[C@@]3([C@@]2([C@@H](C[C@@H]1O)[C@](C3)(C)CO)O)C	132609424	NSWJZHMREFDVCI-XFWXNGHDSA-N	C15H26O3
CC(C)OC(=O)C[C@]1(C[C@H]2CC[C@@]1(C2(C)C)C)O	102378092	MZRSTAWBVHHSHS-DFBGVHRSSA-N	C15H26O3
COC(=O)CCCCCC1C2CCC(C2)C1CO	13829867	WZXBGMYZEOVFKL-UHFFFAOYSA-N	C15H26O3
CC=C(C)C(=O)OCC(C)(CO)C1CCCCC1	57287625	MZDFYTTVYUOBFP-UHFFFAOYSA-N	C15H26O3
CCCC(C)(C1=CC=C(O1)C)C(CCC(C)O)O	147819750	HOZUFVBUPUYGOM-UHFFFAOYSA-N	C15H26O3
CCCCOC(=O)CCC(=O)C1CCCCCC1	65911550	VAHQPPMVJQULTL-UHFFFAOYSA-N	C15H26O3
CCCCC[C@@H]1CC(CC(=C1)OC(=O)C)(C)OC	101413832	VHVKDGKTERNZOI-CFMCSPIPSA-N	C15H26O3
CC1=CC[C@H](CC1)C(C)(CCC=C(CO)CO)O	11651763	HRMZZKBWMUXWAR-GICMACPYSA-N	C15H26O3
C[C@]12C[C@H]1[C@H]3[C@H](C[C@H]2O)C([C@H](CC3(C)C)O)(C)O	21726330	SKTYXUQUAXLZLX-QVNFWTTPSA-N	C15H26O3
CC1(CCC(CC1)(C(C2=CCCCO2)O)OC)C	102654916	DNUKXPBLPSYMKY-UHFFFAOYSA-N	C15H26O3
C[C@@]12CCC[C@@H]([C@@]1(CCC3(C2)OCCO3)C)CO	24796208	YGSOURSIZIATBR-RDBSUJKOSA-N	C15H26O3
C[C@]12CCC(=O)C(C1CC[C@@]([C@@H]2CO)(C)O)(C)C	152820854	STOYRCRWFYPQOF-HWEOQSOXSA-N	C15H26O3
COC1CCCC(C1)OC2CC(C23CCCC3)O	66344594	VPWIVHYQZPVNCO-UHFFFAOYSA-N	C15H26O3
CC(=CCCC(C)(C1CCC(O1)(CO)C=C)O)C	129845808	JPBUNHIZEJUXGO-UHFFFAOYSA-N	C15H26O3
CC1(C(CCC2(C1CC=C(C2CO)CO)C)O)C	14433069	FLJVCTAWIDPKTG-UHFFFAOYSA-N	C15H26O3
C[C@]12C[C@@H]([C@](C1)(C[C@@H]([C@@H]3[C@@H]2CC3(C)C)O)CO)O	71725615	HCEFLAKBDPUXNY-ZVOPPPCBSA-N	C15H26O3
CC1CCC2(CCC3(C([C@@H]2O1)(C)C)OCCO3)C	135272463	LSQJKCVLHVCKPN-LXVYMNJGSA-N	C15H26O3
CCCCCC1(CC(=O)OC(=O)C1)CCCCC	57273358	BQWHIHOLVRRFLB-UHFFFAOYSA-N	C15H26O3
C/C=C/[C@@]1(C[C@@H](CC[C@H]1C(C)C)C)OC(=O)OC	11821149	RJXIZWNOCIXIEV-ITYKKCRKSA-N	C15H26O3
C[C@@]12CCC[C@@]1([C@](C(C2)O)(C)CC3OCCO3)C	10083664	MAPHYFQASGHMJG-FBAPMCOASA-N	C15H26O3
CCCCCCCCOC1=CCC(C=C1)C(O)O	148918274	PJZXXQZFKAIMPC-UHFFFAOYSA-N	C15H26O3
CCCCCCCCCCC1CCC(=O)OC1=O	53980057	JXQQHTQAVHYEGM-UHFFFAOYSA-N	C15H26O3
CCOC(=O)CCC1(CCC2(CCCC2)CC1)O	114820097	WMXBKLPIZNPQMX-UHFFFAOYSA-N	C15H26O3
CCC#CCCCCCCCCOC(=O)COC	549286	FFDPMJKLHSHWCY-UHFFFAOYSA-N	C15H26O3
CCOC1CCC(C(C1)O)C(=O)C2CCCCC2	140865972	ZKSZKOSYSJHXOU-UHFFFAOYSA-N	C15H26O3
CCCC1CCC(OC1=O)C2CCC(CC2)CO	152870998	TZKFFIALXLSABZ-UHFFFAOYSA-N	C15H26O3
CC1(C2CCC3C2C31C)CCC(C(C)(CO)O)O	101495685	PODUOKUPHXZIIF-UHFFFAOYSA-N	C15H26O3
CCCCC(=O)CCCC(=O)CCCCC(=O)C	134266401	XPMVKRWYYVHQEI-UHFFFAOYSA-N	C15H26O3
CC1CCCC2C1(C3C(C(C2O)OC3(C)C)O)C	617355	LTKLCRCCXDZGNX-UHFFFAOYSA-N	C15H26O3
CC1([C@@H]2C[C@H]1[C@@]3([C@H](C2)OC(O3)(C)C)CCOC)C	71150808	RGNLTCMCMDSHPS-MCYUEQNJSA-N	C15H26O3
C[C@@H]1CCC(O1)C2CC(COC2)C3CC[C@@H](O3)C	59064602	YEUIAKJLTNDZSD-BFMWQETRSA-N	C15H26O3
CCCCC(=C(C(=O)CC)C(=O)OCC(C)C)C	140224588	GWFMBENPSWWXMD-UHFFFAOYSA-N	C15H26O3
CC1(C2CCC1(C(C2)OC(=O)CCCOC)C)C	112729083	RHHZHYCZWAQAGT-UHFFFAOYSA-N	C15H26O3
CCOC(=O)C(CCCC1CCCCC1)C(=O)C	18370639	BXDLSIWYTXFDPI-UHFFFAOYSA-N	C15H26O3
CC1=C(COC1=O)CCCCCCOC(C)(C)C	15530809	HRRUQCWJISVJMJ-UHFFFAOYSA-N	C15H26O3
CC1=CCC(C(=O)CC1)(C)CCCC(C)(CO)O	10999614	JESPXZBZBGKZDP-UHFFFAOYSA-N	C15H26O3
C(CCCCO)CCCC#CCCCCC(=O)O	21631794	MSKMOFBCZPEBGT-UHFFFAOYSA-N	C15H26O3
C[C@@H]1C[C@@H]([C@@H]2[C@@H]1C[C@]3(CC[C@@]2(OC3(C)C)C)O)O	10562917	FZHQWUGUAXQAKQ-QIWTVSAUSA-N	C15H26O3
C[C@@H]1CC[C@@]2(O1)[C@](CCCC2(C)C)(C)OC(=O)C	108785	LTAWGWRPOGXHBD-DFBGVHRSSA-N	C15H26O3
CCCCC(CC)CC12CC(CCC1O2)C(=O)O	87172262	HQNDZQNGFDJHAV-UHFFFAOYSA-N	C15H26O3
C/C(=C/1\[C@H](C[C@]1(C)[C@H]2CC(C[C@@H]2O)(C)C)O)/CO	21609781	WXLMZSSKFKIKQI-POOLVOQKSA-N	C15H26O3
CC1C(CCC(CCC(CC2=C1O2)CO)(C)C)O	68956471	WVHWIMUFIOGIIA-UHFFFAOYSA-N	C15H26O3
C1CCC2(C1)CCC(O2)CC3(CCOCC3)CO	113750981	IQGNNYXRZMHNNL-UHFFFAOYSA-N	C15H26O3
CCCC1C2CC(C1CC)C(C2)OC(C)OC=O	143100170	APPJRXPCSLEOJC-UHFFFAOYSA-N	C15H26O3
CCCC(C(=O)C1CCOC2(C1)CCCC2)OC	116708276	KDLYKXQNYWDHTF-UHFFFAOYSA-N	C15H26O3
CCOC(=O)C1(CCCCC1=O)CCC(C)(C)C	113832267	LKHIEZJJNLQOCW-UHFFFAOYSA-N	C15H26O3
CCC1CCCC(C1)C(=O)C(C(C)C)C(=O)OC	65412993	NPWMENRVRHJORW-UHFFFAOYSA-N	C15H26O3
CCCCC(CC)C(=O)OC(=O)CCC(C)C=C	57291536	LPYHINLXKIYKSE-UHFFFAOYSA-N	C15H26O3
CCCCCCCCC/C=C/1\[C@@H](C(OC1=O)C)O	143039876	QSSHGBYNUZHOCF-UPVWJMDQSA-N	C15H26O3
C1CCCC(CC1)C(=O)CCC/C=C/[C@@H](CO)O	10658620	VXDYWVOUZBKILJ-XYYIANASSA-N	C15H26O3
CCCC1(C(=CC2(CC1(C)C)OCC(O2)C)C)O	139606294	VPCDAOGKZFYYNE-UHFFFAOYSA-N	C15H26O3
CC[C@@H](CCCC(=C=C)OC(C)(C)C)OC(=O)C	141808850	GLSAWCSXWHETRX-ZDUSSCGKSA-N	C15H26O3
C[C@@H]1CC[C@H]2[C@@H]1[C@H]3[C@H]([C@@]3(C)CO)CC[C@]2(CO)O	11076000	XJCYHYLKHMEKAZ-CVEQBJKISA-N	C15H26O3
CC(C)[C@@H]1CC[C@]2([C@H](O2)CC[C@]3([C@@H]([C@H]1O)O3)C)C	124893919	CZZAIHWBOUXBPS-DEPYFDJDSA-N	C15H26O3
C[C@]1(CC[C@@H](C=C1)[C@@]2(CC[C@@H](C(O2)(C)C)O)C)O	72702446	FUFCOMVTKVHPIF-DHMWGJHJSA-N	C15H26O3
CC(CCC(=O)O)OC1CC2CCC1(C2(C)C)C	80391347	VAYSIMHRDVFGEG-UHFFFAOYSA-N	C15H26O3
CC(C)[C@@H]1[C@@H](C[C@]2([C@@H]([C@H]2[C@@H]1O)CCC(=O)C)C)O	21606135	ZZIAFVLVIODAMJ-LACSLYJWSA-N	C15H26O3
CCOC(=O)C(C)(C)C(C1CC(C=C(C1)C)C)O	113797570	VVSJJWYTYQVUBJ-UHFFFAOYSA-N	C15H26O3
CC(=CCOC1CCCCO1)CCC2C(O2)(C)C	294671	FMBZWMIOKDYASM-UHFFFAOYSA-N	C15H26O3
CCC=CCCCC(CC)OCCOC(=O)C=C	153923859	HVDBXCFXTOMCAX-UHFFFAOYSA-N	C15H26O3
CC[C@]1(CCC(=O)C1CCCCCCC(=O)O)C	152962013	UQTLGULHILXPNG-CVRLYYSRSA-N	C15H26O3
COCCCC(=O)O[C@@H]1CC[C@H]2CCCC[C@@H]2C1	99804236	REVMRPMUHJASAP-MGPQQGTHSA-N	C15H26O3
COC1CCCC2C1C(C3C(C2)CCCC3O)O	121400218	LPVXPRUEINCTEW-UHFFFAOYSA-N	C15H26O3
CCCC(C1CCC(CC1)OC)OC(=O)C(=C)C	145843376	CTXQREYSWPRQOS-UHFFFAOYSA-N	C15H26O3
CC(C)(C)OC(=O)CCC12CCC(CC1)(CC2)O	117602196	ZUVHKVJIJPMGDP-UHFFFAOYSA-N	C15H26O3
C/C/1=C/[C@@H](CC(=C)[C@H]([C@@H]([C@@H](CC1)C(C)C)O)O)O	101739993	PTRFJTHADLODLE-BZIQAQQBSA-N	C15H26O3
C[C@@]12CC[C@@H]3[C@H](CC3(C)C)[C@](O1)(CC[C@H]2O)CO	102508541	HDEDHTVUKLACPT-MIBAYGRRSA-N	C15H26O3
CCC.CCC.COCC1=CC(=CC=C1)C(=O)O	90952374	AESYOPPYSUXPGZ-UHFFFAOYSA-N	C15H26O3
CC1C=C(C(C(C2C1CC(C2)(C)C)O)CO)CO	14109856	UMXJEXAFNWMBJX-UHFFFAOYSA-N	C15H26O3
CCCCCC(=O)C(CCCC)(C(=O)C)C(=O)C	88780540	GGLFKICKLABYET-UHFFFAOYSA-N	C15H26O3
CC(C)(C1CCC(=C)C(CCC(=C)C(C1)O)O)O	5315847	ZJQHXIIOVKOVID-UHFFFAOYSA-N	C15H26O3
CCC/C=C(/C)\C(CC)OCCOC(=O)C(=C)C	101733060	URZKAHUGAAKQBU-LCYFTJDESA-N	C15H26O3
CC1C2CC3CCCCC3CC2C(O1)(CO)OC	150889933	KXUQRLCQVYMWJK-UHFFFAOYSA-N	C15H26O3
CCOC1C(CC1=O)OC2CC(CC(C2)(C)C)C	113439861	KAGLFDJOFVUVKL-UHFFFAOYSA-N	C15H26O3
CC(C)[C@]1(C[C@H]2[C@@](CC[C@H]([C@@]2(C=C1)C)O)(C)O)O	44512748	NFMZFJZLYHTYRK-ZSAUSMIDSA-N	C15H26O3
CC1([C@H]2C[C@H]3[C@@](C1C2)(OC(O3)(C)C)CCOC)C	146726745	RGNLTCMCMDSHPS-GSNLGQFWSA-N	C15H26O3
COC(C1CCCC2CC(CCC2C1)C(=C)O)O	148559485	PQUNBSJWYOLHEA-UHFFFAOYSA-N	C15H26O3
C1CCCOC(=O)OCCCCCC/C=C\CC1	70487909	LEWLRBIPTSPWDJ-UPHRSURJSA-N	C15H26O3
C[C@]1(CCCC1(C)C)[C@H]2C[C@@H]([C@@]([C@@H]3[C@H]2O3)(C)O)O	11076002	WKPUMUUKOQIOFA-KPRRGPHJSA-N	C15H26O3
CC[C@H]1C[C@H](OC(O1)(C)C)/C=C/CC(=O)C(C)C	57643948	RQOZHGPFZXZHDV-AHYBDNRGSA-N	C15H26O3
C[C@]12CC[C@](C1)(CC[C@@H]3[C@@H]2CC3(CO)CO)CO	71725617	YETRFWFQVYXCLI-RFGFWPKPSA-N	C15H26O3
CCC(=O)C1(CCCCC1)C(CC(C)C)C(=O)O	142099873	BVXQWLSLSRRQEW-UHFFFAOYSA-N	C15H26O3
COC(C1CC1)C(=O)CCCCC2CCOCC2	114191953	KTSUFRYKMFMJBQ-UHFFFAOYSA-N	C15H26O3
CC(C)CC/C=C(\C)/[C@H]1[C@@H]([C@@H](CCC1=O)O)OC	148711308	NXHADKMAOOPZCB-OKMHIWLHSA-N	C15H26O3
C[C@@]1([C@@H](O1)CC[C@](C)(C=C)O)CC[C@H]2C(O2)(C)C	102361892	TUOVDYDXMVZZMJ-JURCDPSOSA-N	C15H26O3
C[C@H]1[C@H]2[C@H](C[C@H]3CCCC[C@@H]3[C@@H]2CO)[C@H](O1)OC	15427656	KGEKVIZSTNHHRV-VCWHZULMSA-N	C15H26O3
C[C@@H]1[C@@H]2CC[C@H]([C@@]3([C@]2(O3)[C@H](C[C@H]1O)C(C)C)C)O	122211425	KALHVLRQNHIJOX-CVEQBJKISA-N	C15H26O3
CC(C)C1=CC2[C@H](CC[C@@]2(C)O)[C@](CC1)(CO)O	10354971	IBEULDMGWROYNC-LRMYVUMKSA-N	C15H26O3
CC1=CC[C@H](CC1)[C@](C)(/C=C/[C@H](C(C)(C)O)O)O	76965835	LWZJOPWOCKMHSC-YJQVIICOSA-N	C15H26O3
C/C(=C\CO)/C/C=C/C(C)(C/C=C/C(C)(C)O)O	134822162	SSEPXQZIRBUDHZ-GILGBXPMSA-N	C15H26O3
CC(C)(C)C1CCC(CC1)(C2CCOC2)C(=O)O	79426220	NZZHPYHUTGHCKE-UHFFFAOYSA-N	C15H26O3
CC(C)CC(=O)OCC(/C=C/C(C)(C)O)C(=C)C	6429165	GEUJVWYWFCONDI-BQYQJAHWSA-N	C15H26O3
CC(C)CC(=O)O[C@@H]1C[C@@H]2CC[C@]1(OC2(C)C)C	101195120	UCNYDZXHJMXEER-YWPYICTPSA-N	C15H26O3
CC(CCCC1=CCC(CC1)(C)C(=O)OC)OC	70580016	LOZUSTMSKDWLBH-UHFFFAOYSA-N	C15H26O3
CC1CC1CC2CC3CC3(C2(C)C)C.C(=O)(O)O	67506039	MPRSSVJPNYTFSE-UHFFFAOYSA-N	C15H26O3
CC1(OCC(O1)CCC[C@@H]2[C@H](CCCO2)C=C)C	10587070	DPLPWLDRFXKYPD-SMEJFCCLSA-N	C15H26O3
CC(C)COC1CC(C1(C)C)OC(=O)C2CCC2	71874812	XXUUIZIUURZPCJ-UHFFFAOYSA-N	C15H26O3
CC1CC=CCC1COCCC(=O)OC(C)(C)C	116659143	MSQRZCNTUJQJOD-UHFFFAOYSA-N	C15H26O3
CC1C(=O)OCCCCCCCC/C=C/CCO1	69991470	GCGXJFKZDUJQNC-SOFGYWHQSA-N	C15H26O3
CCCCC(CC)COC(=O)C(=C)COCC=C	87095250	FTQUHAUSPFXDDF-UHFFFAOYSA-N	C15H26O3
CCCCCCC[C@H]([C@@H](CC#C/C=C/CO)O)O	89090846	YBHZKBKJHKWQSA-FSQQNCNXSA-N	C15H26O3
CC(C)[C@]1([C@@H]2CC[C@@]3([C@H](O3)C[C@]2(C[C@@H]1O)C)C)O	10515133	KZIYMGXPOZNBKF-RBTXIFOQSA-N	C15H26O3
CC1(CCC(CC1)(CCC2CCCO2)C(=O)O)C	65391580	BFJDRJSALXPXPK-UHFFFAOYSA-N	C15H26O3
C[C@H]1C[C@@H]([C@H]([C@]2([C@H]1C[C@@](CC2)(C(=C)C)O)C)O)O	139590592	SOPONZDWEJCIPZ-VMCMIOBHSA-N	C15H26O3
C[C@]1(CCCC2=C[C@H]([C@@H](C[C@]21C)C(C)(C)O)O)O	139591008	UQRWFXHGOXVIPI-QHSBEEBCSA-N	C15H26O3
CC(C1CC1)C(C2CCOC3(C2)CCOCC3)O	115820948	DRMSHRXSTVVKNY-UHFFFAOYSA-N	C15H26O3
C[C@H]1C[C@H]([C@@H](C(=C)[C@]12CC[C@H](C2)C(C)(C)O)O)O	10610976	FAXSKOQAAOOHQZ-VQUITAKWSA-N	C15H26O3
CC(C)OCCC(=CCCC(=C(C)C(=O)O)C)C	53678519	BEXLYWATMOZEPV-UHFFFAOYSA-N	C15H26O3
CC(C)(C)C(=O)OCC(=C)C1(CCCCC1)CO	12062910	ADDLFSYERXREDY-UHFFFAOYSA-N	C15H26O3
CC(C)(C)C(COC=C)OC(=O)C1CCCCC1	68509913	QVWBWWADCQMYMK-UHFFFAOYSA-N	C15H26O3
C1CCCCCC(=O)[C@@H](CCCC1)CCC(=O)O	7164415	ZWJHEHCSBAMCBQ-ZDUSSCGKSA-N	C15H26O3
C[C@H](CO)C1=CO[C@@H]2[C@]1([C@H](C(CC2)(C)C)CO)C	10934052	XUJMIPJNPMYPOD-GVUJHPQVSA-N	C15H26O3
CCCC(C1CCC(CC1)CO)OC(=O)C(=C)C	145843404	UYNNIXVWWXGBHA-UHFFFAOYSA-N	C15H26O3
CC1CCCC(C1)OC(=O)COC2CCCCC2	78888685	NEXVLKBYDHCSLD-UHFFFAOYSA-N	C15H26O3
CCC1CC(C(C1)C(C2CCCOC2=O)O)CC	20608173	FRGMOCJIVCQMEC-UHFFFAOYSA-N	C15H26O3
CCCCCC#C[C@@H](CCOC1CCCCO1)O	11964356	HECDVCJLLMQYHM-MLCCFXAWSA-N	C15H26O3
C[C@H]1[C@@H](CC[C@@H]2[C@@]1(C[C@H]([C@H]([C@H]2O)O)C(=C)C)C)O	14830776	ZCIGABJYEQXQLH-DJIVWJMOSA-N	C15H26O3
CCC(C)(C)C(=O)O[C@@H]1CC2CCCC(C2O1)C	147896534	IDKHFEVFJHCHKM-AYNROABZSA-N	C15H26O3
CC(C)(C)OCCOC1CC(=O)C12CCCCC2	112590625	JOVFZESZQNYWBH-UHFFFAOYSA-N	C15H26O3
CC1=CCC2C(CCCC2(C1CO)CO)(C)CO	75528935	FUVVLIGUEPFKDK-UHFFFAOYSA-N	C15H26O3
C[C@@H]1CC[C@H](C2(C1)OCCC(O2)CC=O)C(C)C	101215028	GMSCIVIWQZKLDN-JLVJUDLZSA-N	C15H26O3
CC1=CC[C@@H]([C@H]([C@H]1CC=O)C(OC)OC)C(C)C	11322786	NEXZWNWSEPIUII-HZSPNIEDSA-N	C15H26O3
C#CC(=O)OCCCCCCCCCCCCO	141346269	LIAPHYMXBDDUNQ-UHFFFAOYSA-N	C15H26O3
CCC(C)(C)C1=C(OC=C1)OC(C)(C)CC(C)O	152057061	URXFSOXCCILPRC-UHFFFAOYSA-N	C15H26O3
CCCOC1CCCC1(C2CCCC2)C(=O)OC	141100926	RCUDPNUPZUUFGX-UHFFFAOYSA-N	C15H26O3
C[C@@H]1C(=O)OCCCCCCCCC/C=C/CO1	69991836	UVWAASIVTQGFCL-QSYFUGGGSA-N	C15H26O3
C=CC(=O)OCCCCCCOC1CCCCC1	91014004	VSZONADZLJBXBC-UHFFFAOYSA-N	C15H26O3
CCCCC(=O)C(CCC)C(=O)C(=O)CCCC	53825308	FYRLHRKZIOPQDK-UHFFFAOYSA-N	C15H26O3
CC1=CC/C(=C(\C)/CCC(C(CO)CO)O)/CC1	20846905	ALXLMUJPSPJFEE-SEYXRHQNSA-N	C15H26O3
CCCC(C=C=C1C(CC(CC1(C)O)O)(C)C)O	15713904	SCFONDYOVANAQM-UHFFFAOYSA-N	C15H26O3
CC(CCCC(C)OC)CC=CC(=CC(=O)O)C	71429920	WGAHINNWQAOLFH-UHFFFAOYSA-N	C15H26O3
CC1C2C(CC3CCCCC3C2CO)[C@H](O1)OC	150802597	KGEKVIZSTNHHRV-YUEFRBHFSA-N	C15H26O3
CC(=O)C(C(=O)CC(C)(C)C)C(=O)CC(C)(C)C	150658889	JDLHVWQQYIQJRX-UHFFFAOYSA-N	C15H26O3
CC1=C2[C@H]([C@@](CC[C@]2(CC[C@H]1O)C)(C(C)C)O)O	102403244	XNRRCQLWFXYNAM-NMFUWQPSSA-N	C15H26O3
C[C@H]([C@@H]1CC[C@@H]2[C@@]1(CCCC2=O)C)C(OC)OC	124640109	FXUVMZRJUQLXGF-OXJKWZBOSA-N	C15H26O3
CCOCCC(=O)C1CC(CCC1=O)C(C)(C)C	61750090	KYUANGMTCDCZQL-UHFFFAOYSA-N	C15H26O3
CCCCCCCCCC=CC=CC(=C(O)O)O	139766559	LZJHQQQZVRMDGP-UHFFFAOYSA-N	C15H26O3
C[C@@H]1CC[C@@H]2[C@@]3([C@H]1[C@H]([C@@H]([C@]3(CC2(C)C)C)O)O)O	132609423	NWUUDTLZBCYAQT-CBIBUMFVSA-N	C15H26O3
CCCC1(C2(O1)CC(CC(C2)C)C)C(=O)OCC	83046697	MZOCBFUXGTYLAH-UHFFFAOYSA-N	C15H26O3
CC(CCCCC1CCOCC1)(C2CC2)C(=O)O	114191596	RGLRQAJBBWIJAD-UHFFFAOYSA-N	C15H26O3
CCOC(C[C@H]1C[C@@H]2C[C@H](C1=O)C2(C)C)OCC	60078540	BNULWOIHYRPPRT-IJLUTSLNSA-N	C15H26O3
CC(C)C1CC[C@](C1=O)(C)CCC2(OCCO2)C	12179059	HZYNACFFBADQNH-TYZXPVIJSA-N	C15H26O3
CCC(C)C1CCC(C(C1)O)COC(=O)C(=C)C	57579435	WVKKFYGSKZRNKW-UHFFFAOYSA-N	C15H26O3
C[C@@H]1CC[C@H]([C@@H](C1)OC(=O)[C@@H]2C[C@H]2CO)C(C)C	135041983	WKEMTCDXRDGGFG-MBJXGIAVSA-N	C15H26O3
C=COCCCC(C1CCCCC1)OCC2CO2	140203037	CPZGBUTUGRESEA-UHFFFAOYSA-N	C15H26O3
CCCC(C)(C)CC1(CC(=O)OC1=O)C(C)(C)C	89030236	NFLJMPSXEQHARS-UHFFFAOYSA-N	C15H26O3
CCC1CC2CCCC(C2)(C1)COCOC(=O)C	89298654	QVYOABROAJRLMH-UHFFFAOYSA-N	C15H26O3
CCC(=O)C1C(CC(C1CO)C(=C)C)CC(C)O	148390572	LPWYHQCCCULWKA-UHFFFAOYSA-N	C15H26O3
CCOC(C=C)OOC12CC(C1(C)C)CCC2C	154447680	GOUNALNZCUAZDT-UHFFFAOYSA-N	C15H26O3
CC(C)[C@H]1C[C@@H]2[C@](CC[C@@H]([C@]2(C)O)O)(CC1=O)C	10800957	FJGWZWDCKFMJJX-TVKJYDDYSA-N	C15H26O3
CCC(=O)CC[C@H](C)C1CCC(=O)[C@@]1(C)CCO	129095071	NZGDONFLACDEJU-BJLZJLDMSA-N	C15H26O3
CC.CCC(=O)C(=C)C.C1CC2CC(C1)OC2=O	123362839	MTSUPASHJSLMLK-UHFFFAOYSA-N	C15H26O3
C/C/1=C/CC[C@@]([C@H]2C[C@]([C@@H]2C[C@@H]1O)(C)CO)(C)O	10538899	KPSFFLYQEVZTNN-PVTHZMNSSA-N	C15H26O3
CC(=O)CCCOC(=O)CCCC1CCCCC1	78847520	CJPCQJXQCUERKZ-UHFFFAOYSA-N	C15H26O3
C[C@@H]1CC[C@H]2[C@H](CO[C@H]([C@H]2[C@H]1CCC(=O)C)O)C	21631215	BZTRTQXICHCWTD-PEHAFZOXSA-N	C15H26O3
CC1CCC(CC1)CCC2CCC(C(=O)O2)OC	59188361	VCKGRVLWFCIKRV-UHFFFAOYSA-N	C15H26O3
CC.CCC.C=C/C(=C\C(=C)C1OCCO1)/C=O	141829130	BEIFMRISVJCVBE-SWSRPJROSA-N	C15H26O3
CCC(=C(C(=O)O)C(CC)(CC)CC1CO1)CC	87811986	YQRVEEBUUYCDIV-UHFFFAOYSA-N	C15H26O3
C1CCC(CC1)C2CCC(=O)CC2.C1COCO1	141787964	CQLGSIYATJFTPF-UHFFFAOYSA-N	C15H26O3
CC(C)(C)OC(=O)CCCCCCCC(=O)C=C	59142056	XHSQQCOYKJUFNO-UHFFFAOYSA-N	C15H26O3
CCOC(=O)/C(=C/CCCCCC(CC=C)O)/C	16085742	WWXPHCMXDXZKAZ-ACCUITESSA-N	C15H26O3
C[C@]12CC[C@H]([C@](C1)(C[C@H]([C@@H]3[C@@H]2CC3(C)C)O)O)O	53493186	YQHLSOPZTPZIDZ-OFVCQEMXSA-N	C15H26O3
C[C@H]1C[C@@H]([C@@]2([C@@]3([C@H]1C[C@H](C2(C)CO)CC3)C)O)O	25082530	DZXVYUCFZXZBIE-AEFPADMXSA-N	C15H26O3
C[C@@H]1CC[C@H](C(C1)OC(=O)[C@H]2C[C@@H]2CO)C(C)C	153202493	WKEMTCDXRDGGFG-JABUTEAWSA-N	C15H26O3
C[C@@H]1CC[C@]2(C3CC[C@](C3[C@H]([C@@]1(O2)C)O)(C)O)C	102258986	PIYWHRNORFKMHX-GEMHXDCVSA-N	C15H26O3
C[C@@H]1CC[C@H]([C@@H](C1)OC(=O)CCC(=C)O)C(C)C	134294531	PPDMYARCNXULLB-KWCYVHTRSA-N	C15H26O3
C[C@H]1C/C=C/C[C@H](OC(=O)CCC[C@@H]1O)C(C)C	71576905	UABLBQQGGCNTFK-OVAUNBAOSA-N	C15H26O3
C/C(=C/COC1CCCCO1)/CC/C=C(\C)/CO	10400096	GFZATMJPDSJPDS-YGTYLERISA-N	C15H26O3
CC1CCC(O1)C(C2CCOC3(C2)CCCC3)O	82836775	XIQXSBDTDICQPR-UHFFFAOYSA-N	C15H26O3
CCCC(=O)C.CC1=CC=CC=C1.COC.C=O	143914676	PVMVOQRGWSNYGF-UHFFFAOYSA-N	C15H26O3
C1CC[C@@]2([C@@H](C1)[C@@H](CC[C@]3([C@H]2CCCC3)O)O)O	125505853	DJVAPOXBWUUPEA-JARUQAPTSA-N	C15H26O3
C[C@@H]1CCCCCCCCCC(=O)[C@@H](C(=O)O1)C	101680362	HEJTYYXLNPTUPO-OLZOCXBDSA-N	C15H26O3
CC(/C(=C/C1CCCCC1)/C(=O)OC(C)(C)C)O	44605319	PUXIUJPOMSIEPZ-RAXLEYEMSA-N	C15H26O3
C[C@H](CCC=C(C)C)C/C=C/[C@@H](C)OC(=O)OC	10912091	YKXLMTGKBHZKQL-VAZNYKRKSA-N	C15H26O3
COC(=O)C(CCCCC=C)OC1CCCCC1	66822373	XAFXPQXMPVPFOY-UHFFFAOYSA-N	C15H26O3
C[C@@]12CC[C@H](C[C@H]1[C@](CC(=O)C2)(C)O)C(C)(C)O	102090423	NBAJBZOIIQJWIG-WAZAZEMKSA-N	C15H26O3
CCCCCC(C)(C)C(=C)C(=O)OCOCC=C	123190247	OUGZLOIGSJATJP-UHFFFAOYSA-N	C15H26O3
CC1CCCCC1(C2CCOC3(C2)CCOC3)O	79901775	YBGZFCIKERNGGO-UHFFFAOYSA-N	C15H26O3
CCCCCCCC[C@H](/C=C/C=C/C(=O)OC)O	57408650	XESWXHYPUPZFMY-BDUZERGWSA-N	C15H26O3
CCOC(=O)[C@@H]1CCCC[C@]1(C2CCCCC2)O	70465626	MFUOMXFOQWOPLK-DZGCQCFKSA-N	C15H26O3
C1CC2(CCOCC2)C(C1)(CC3CCOCC3)O	114244816	FAIYOBFSFLRZBN-UHFFFAOYSA-N	C15H26O3
C1CCC2(C1)CC(CCO2)C(C3CCOCC3)O	79913580	ZGRSXIJFGZDMAS-UHFFFAOYSA-N	C15H26O3
CCC1CCCC(C1)(CCC2CCCO2)C(=O)O	65401286	YKNLBRAQAYOYIP-UHFFFAOYSA-N	C15H26O3
COC1CCC(CC1)/C=C/C2CC(CC(C2)O)O	148145859	SGSGHTRNSHZJEJ-NSCUHMNNSA-N	C15H26O3
CC1CC(CC(C1)OC2CCC(CC2)C(=O)O)C	114451365	GWTCJTPTRWZSNM-UHFFFAOYSA-N	C15H26O3
CC(C)C1CCC2(CC(C(C2C1O)C(=O)C)O)C	16217049	NQHGSTTYLUUHTC-UHFFFAOYSA-N	C15H26O3
C1CCC(CC1)COC(=O)OCC2CCCCC2	57205144	PMOQCOLBSSAQFB-UHFFFAOYSA-N	C15H26O3
C[C@H]1[C@H]2[C@H](C[C@H]3CCCC[C@@H]3[C@H]2CO)[C@H](O1)OC	10967051	KGEKVIZSTNHHRV-RXGFZWQPSA-N	C15H26O3
CC1C/C=C/C[C@@H](OC(=O)CCCC1O)C(C)C	89582662	UABLBQQGGCNTFK-YCGJBTFKSA-N	C15H26O3
CC12CCC(C13CCC(C3)C(CO)CO)C[C@H]2O	102286732	LGAZLJWMJUQZQZ-UERJJEAOSA-N	C15H26O3
CC[C@H]1C[C@@]([C@@H]2CC[C@H](C[C@H]2O1)C)(C)OC(=O)C	132204310	YUCHWGITOWEQTJ-COWZWYNKSA-N	C15H26O3
CC(CC[C@@H]1C(=C)C[C@H](CC1(C)C)O)CC(=O)O	139584863	YPPJUADKLHXSSV-SKVSWLLESA-N	C15H26O3
CCCCCCCCC#C/C=C\OCC(CO)O	21672256	XZTOEFLTNWTMHZ-QXMHVHEDSA-N	C15H26O3
CC(C)(C)C1CC2C(C1C(C)(C)C)COC(=O)O2	139483572	LJYONHBOCQNFSL-UHFFFAOYSA-N	C15H26O3
CC(=CC[C@@H]1C(O1)C2[C@@H](CCCC2OC)OC)C	142605853	BURHHZIHYAFVFL-VRXDPGPUSA-N	C15H26O3
CC1([C@@H](OC2[C@H]1OC(=O)CC2)CCC(C)(C)C)C	155222095	ADMDGKFDRDDQRG-QMDRTORHSA-N	C15H26O3
C1CCCC2(CC1)C(CC2OCC3CCCO3)O	66368745	WNWDZTIKCRZXDD-UHFFFAOYSA-N	C15H26O3
CC1CC12C(CC2(C3(CC3C)O)OCC(C)O)C	91474969	ORKQQWGAWUYOBT-UHFFFAOYSA-N	C15H26O3
CCCC1(CCCCC1(CCC)C(=O)O)C(=O)C	147442256	DWLLJHABWMBMIZ-UHFFFAOYSA-N	C15H26O3
CC1(C2CC(C(C2)(O1)C)OCC3CCCCO3)C	20276835	UDKRXYJPWNVFFO-UHFFFAOYSA-N	C15H26O3
CC1(CC(C(O1)(C)C)C(=O)CCC2CCCO2)C	113663180	GUKNZERVDJWHJN-UHFFFAOYSA-N	C15H26O3
CC1CCC(C1)(CC(CC2CCCC2)O)C(=O)O	103161259	TURRSVMBBHXZER-UHFFFAOYSA-N	C15H26O3
C[C@]12CCCC(C1CC[C@@H]([C@@H]2C(=O)OC)O)(C)C	10610974	PNORERWVNDPBJT-LJIFJXJPSA-N	C15H26O3
C[C@@]1(CCCC2([C@@H]3C1[C@H](C2(C[C@H]3O)C)O)C)CO	23815357	OLWYTMKUCGVHCZ-VQYQIXSWSA-N	C15H26O3
CCC(C)(C)C(=O)OCOCC12CCC(C1)CC2	57932192	TUYBDLCUZWZJMS-UHFFFAOYSA-N	C15H26O3
CC1(C[C@@H]([C@@H]2[C@H]1CCC2=O)[C@](C)(CCO)OC)C	134742345	JTROQJOPIHBYFP-MPXAEWJHSA-N	C15H26O3
CCCCOC(=O)C1CC(C2C(C1C(C)C)O2)C	54501937	YDAOREXXBIVAQF-UHFFFAOYSA-N	C15H26O3
CC(C)[C@H]1CC[C@]2([C@@]1(C[C@H](CC2)OC(=O)C)O)C	45101629	RGZQZFNLDKGTIU-XGUBFFRZSA-N	C15H26O3
CC1(C2CCC1(C(C2)OCCCCC(=O)O)C)C	80391180	SLRKOFVYEKTQBT-UHFFFAOYSA-N	C15H26O3
C[C@]1(C2CC3C1(C3C2)C)CC[C@H]([C@@](C)(CO)O)O	57385063	PNIJHWNVHXUOAM-QHMQRIKKSA-N	C15H26O3
C1CCCC2(CC1)C(CC2OC3CCOCC3)O	66345639	PVRCPGCFWINHAQ-UHFFFAOYSA-N	C15H26O3
CC1(CO1)C2CCC(C(C2)O)OC(C)(C)CC=C	153224324	WOGZZGXSHKWDEY-UHFFFAOYSA-N	C15H26O3
CCCCC(=O)OC[C@@H]1CC[C@@H](O1)CC2CCC2	144869814	LUZGVHNEABBDFW-KGLIPLIRSA-N	C15H26O3
CCOC1(CCOCC1)C(=O)C2CCCC(C2)C	113560096	QBNRGAQPBGJFEZ-UHFFFAOYSA-N	C15H26O3
C[C@H](CC1(OCCO1)CC(C)C)[C@@H]2CCC(=O)C2	10923088	PNJISWBMTRFSKW-CHWSQXEVSA-N	C15H26O3
C1CCC(=O)OCCCCOCCCC/C=C\C1	70038862	BMNMOZJSDLGNBJ-UPHRSURJSA-N	C15H26O3
COC(=O)CCCCCCCC/C=C\C=C/CO	50916848	NLWPFJSZFSHGMH-CQSVFKTNSA-N	C15H26O3
C[C@H](CCC=C(C)C)C/C=C/[C@H](COC(=O)C)O	145805231	WACMOKPETOJUGO-HEESEWQSSA-N	C15H26O3
CCCCCCCCCC1(CCOC1=O)C(=O)C	103343648	LGXZUHZAWZXTDM-UHFFFAOYSA-N	C15H26O3
CCC1C2CC(C1CC)C(C2)C(=O)OCC(C)O	59645063	OAOBJWQJWCFDJS-UHFFFAOYSA-N	C15H26O3
CCCCCCCCC(=O)[C@H]1C[C@@H]1C(=O)OCC	10706139	VMQQLAGJSRPEIG-STQMWFEESA-N	C15H26O3
CC[C@H](CC(=O)[C@]1(C[C@H]2CC[C@@]1(C2(C)C)C)O)O	101003236	CBWZBPFSBGQXCV-FKGLVLAHSA-N	C15H26O3
CCC(CC)C1CC(CCO1)(C)OC(=O)C=CC	66911273	ZGYJTKPDUDDTIE-UHFFFAOYSA-N	C15H26O3
COCCOCC(C12CC3CC(C1)CC(C3)C2)O	61771691	WTCJLZUJBNFPCL-UHFFFAOYSA-N	C15H26O3
CCCCCC/C(=C/C1CCCCO1)/OC(=O)C	102409936	ZBJOCECQLCMOND-QINSGFPZSA-N	C15H26O3
CCOC(=O)CCC(=O)CC1CCC(C(C1)C)C	64739076	OCYPDYZATNNSPV-UHFFFAOYSA-N	C15H26O3
CC1C(C2CC1C3C2COCCOCCOC3)C	20818186	SIFDZQUXHXXXJA-UHFFFAOYSA-N	C15H26O3
CCCCCCC#CC(COC1CCCCO1)O	150502241	HYBHVRBWMKJYQJ-UHFFFAOYSA-N	C15H26O3
C[C@]1(CC[C@H]2[C@H]1[C@@H]3[C@@H](C3(C)C)CC[C@]2(CO)O)O	10967052	DPJNFIIBULGARZ-OOAGNDBOSA-N	C15H26O3
CC/C=C/OCC(O/C=C/CC)CO/C=C/CC	101918524	TUGKQPBNDYEFFW-SRDSWEMOSA-N	C15H26O3
C1C[C@@H]2C[C@H]1[C@@H]([C@@H]2CO)CCCCCCC(=O)O	53972374	JSNQOMAKMBGFCF-RFQIPJPRSA-N	C15H26O3
CCC(CC)CC1(CCCCC1=O)C(=O)OCC	113832283	NXCRZYVOPZZESI-UHFFFAOYSA-N	C15H26O3
CCCCC[C@@H](/C=C/[C@@H]1CC[C@H]2[C@@H]1CC(O2)O)O	101207689	IKSMMTNVMQPHJT-OOJMBJLISA-N	C15H26O3
CC1(CC2CCCC(C2)(C1)O)OC(=O)C(C)(C)C	135213334	LOHFUVKPRSGJFK-UHFFFAOYSA-N	C15H26O3
CC1CCC(CC1)(CCCC2CCCO2)C(=O)O	65393872	BGJGEOYZNCNHIA-UHFFFAOYSA-N	C15H26O3
C[C@]12CC[C@H](C13CCC(C3)C(CO)CO)C[C@@H]2O	101882483	LGAZLJWMJUQZQZ-UFDIURPRSA-N	C15H26O3
C/C(=C/CO[C@@H]1CCCCO1)/CC[C@@H]2C(O2)(C)C	92247649	FMBZWMIOKDYASM-ISESHHHUSA-N	C15H26O3
C1CCCCCCOC(=O)O/C=C\CCCCC1	145102712	REWMYXQFDIQPPZ-QBFSEMIESA-N	C15H26O3
CCCCC(COC1CC=CC(C1)C)OC(=O)C	148746249	ODUVUVQNPYTOSN-UHFFFAOYSA-N	C15H26O3
CCCCCCCCCC(C1COC(=O)C1=C)O	102097881	NAWPLLZQNBJPNL-UHFFFAOYSA-N	C15H26O3
CC(C)[C@@H]1[C@@H](CC(=C)[C@@H]2CC[C@]([C@H]2[C@@H]1O)(C)O)O	14778519	QBKYZVYZFITYPA-QFEQQRJNSA-N	C15H26O3
C[C@@]12CCC(C[C@H]1OC(=O)C(C)(C)C)C(O2)(C)C	11010531	UXQYZBYGDNDXIP-HUFXEGEASA-N	C15H26O3
CCC(C)C(=O)OCC1CCC(CC1)CC2CO2	131972282	NASPXYCJJUYDRM-UHFFFAOYSA-N	C15H26O3
CCCC(=O)C1CCC(CC1)CCC(=O)OCC	140044292	JKGJDGMBXHFWSK-UHFFFAOYSA-N	C15H26O3
CCCC(C)C(=O)OC(C)(C)C1CC2CCC1O2	146952900	QFCGYDRIQPSSRC-UHFFFAOYSA-N	C15H26O3
CCCCCCC(=O)OCC1CCC2C(C1C)O2	141017018	FNEUPMAQXXDCQH-UHFFFAOYSA-N	C15H26O3
CCCC(CCC)(C(=O)C1CCCC1)C(=O)OC	104245991	UDBUAZMTLBOWRB-UHFFFAOYSA-N	C15H26O3
CCCC(=O)CCCCC1CCC(CC1)C(=O)O	123338096	WOHUHFZQPSIYMI-UHFFFAOYSA-N	C15H26O3
C[C@@]12CC[C@H](C[C@H]1C(=C)[C@@H](CC2)OO)C(C)(C)O	101036202	TUGCQHVEZDBFKE-COMQUAJESA-N	C15H26O3
C[C@@H]1C[C@@H](C[C@@]2([C@@H]1C(=O)[C@@H](CC2)C(C)(C)O)C)O	93511278	DIDZMOYZGJUXCV-VNUHZKFNSA-N	C15H26O3
C1CCC(CC1)CC2CCC(CC2)OCC(=O)O	129650612	NUPRDODQSMZTQI-UHFFFAOYSA-N	C15H26O3
CCCCCC/C=C(/[C@H]1[C@@H](CC(=O)[C@@H]1CC)O)\O	87396503	SFKORELASBDTLL-HPYCHVORSA-N	C15H26O3
CCCC(=O)CCCCC(=O)OCC/C=C/CC	9816488	CEXAMAZRCLYDEK-AATRIKPKSA-N	C15H26O3
CCCC1CC1C[C@H]([C@@H](CC#C[C@H](CC)O)O)O	70643022	OOHYCGCAQQZXCI-MMCPYJTDSA-N	C15H26O3
C[C@@H]1CC[C@H](C2=C[C@](CC[C@@H]12)(C)OO)C(C)(C)O	10999615	HJWLEOLKSUVRTK-NDPMZMCLSA-N	C15H26O3
CCCC(C)(CCCC(C)(C#C)OC(=O)C)OC	131743564	UHPZMZJBVVUHGA-UHFFFAOYSA-N	C15H26O3
COC(=O)C1(CO1)CCCCCCCC2CCC2	54514711	YLPIQNCSOUWGIH-UHFFFAOYSA-N	C15H26O3
CC(C1CCOC2(C1)CCCC2)(C3CCOC3)O	116178925	YQHNWJVVTIBVRW-UHFFFAOYSA-N	C15H26O3
C1CCC2CC(CCC2C1)[C@H]3C[C@H]([C@H](O3)CO)O	59119122	FRKKXOKNKWYTLK-OGKRKZJUSA-N	C15H26O3
CC[C@@H]1[C@H](C[C@H]([C@@H]([C@H]1C=O)CC)COC(=O)C)C	58723391	GLBFAPVNHOIAMF-DJIJKHNZSA-N	C15H26O3
CCCCCCCC[C@H]1[C@@H](C[C@H]2C1CC(=O)O2)O	90935675	CYIXFXFEPORWIT-RLAWYHOSSA-N	C15H26O3
CCCCCC[C@H]1[C@@H](OC1=O)C[C@@H](CCC=C)O	53798423	FGRMZDNDNMUTII-RDBSUJKOSA-N	C15H26O3
CCCCCCCC[C@H]1[C@@H](CC2[C@@H]1CC(=O)O2)O	57692805	CYIXFXFEPORWIT-ZHZAVPAVSA-N	C15H26O3
CCCC1CCC(C(C1)C2CCOCC2)C(=O)O	81020569	XVWRXHLYGNCLSX-UHFFFAOYSA-N	C15H26O3
C1CCCCCC(CC(=O)CCCCC1)C(=O)O	10934054	GCMMJJNBUFUOCI-UHFFFAOYSA-N	C15H26O3
CCC[C@H](C=C)[C@H](C(C)C)C(=O)C(=O)OC(C)C	11402571	DMPMYYOETJOICW-STQMWFEESA-N	C15H26O3
CC(CC(=O)OCC1CCC2C(C1)O2)C(C)(C)C	118260475	MVGZLCAKPXAMJN-UHFFFAOYSA-N	C15H26O3
C1CCC(CC1)C(C2CCOC3(C2)CCOC3)O	79902327	KCOSJXBPFBNYJM-UHFFFAOYSA-N	C15H26O3
CCC/C(=C(\C)/C(=C\C=C)/C=O)/C.CC=O.CO	143587506	JZPWTGSARLXIJK-HDWGJEDKSA-N	C15H26O3
CCOC1CCCC12CCC(CC2)C(=O)OCC	152231855	WBLYGNHMJBZYSY-UHFFFAOYSA-N	C15H26O3
CC(=C[C@@H]1[C@H](C1(C)C)C(=O)OCCCCCO)C	100715660	UWYHFDCZHVGLRR-OLZOCXBDSA-N	C15H26O3
CCC(C)(C)C(=O)OC(C)OC1CC2C1(CC2)C	117606800	NEIKOCNPZUAULX-UHFFFAOYSA-N	C15H26O3
CCCCC(COC(=O)C1CCCCC1)OC=C	68508770	GOLYZSYLWVPTOG-UHFFFAOYSA-N	C15H26O3
CCCCCC1(CCCCC1(CC=C)C(=O)O)O	70451027	PKNMKKUNYGCZGY-UHFFFAOYSA-N	C15H26O3
COC(=O)C=CCCCCCCCCCCC=O	117739892	SHTVRURGDWHTHJ-UHFFFAOYSA-N	C15H26O3
CCCC1CCC(CC1)(C2CCCC2O)C(=O)O	79428276	YKECRKFWMFEHDQ-UHFFFAOYSA-N	C15H26O3
CCCCCCCO[C@@H]1[C@@H]2CC[C@H]([C@H]1CC=O)O2	125495888	QLVYLSKHSRJJSJ-KBXIAJHMSA-N	C15H26O3
CCC(=O)C.C1CCC(=O)CC1.C1CCC(=O)C1	134348227	SVZSFPYDWJHNJB-UHFFFAOYSA-N	C15H26O3
COCCCCOCCCCCCCC(=O)C#C	139385893	INADNAVAFNWLQU-UHFFFAOYSA-N	C15H26O3
C/C=C\1/[C@H](CCC[C@@H](C(C[C@H]1O)C)OC(=O)C)C	71104014	VYEQQJVKSCUYLL-WPFYZJFRSA-N	C15H26O3
CCCCO[C@@H]1CCC2[C@]1(CCC(=O)C2CO)C	118186692	UTLNWNOFULFWGK-BBNOBNGHSA-N	C15H26O3
CCCCCCCCC1C(O1)COC(=O)C(=C)C	140282688	JGFLHHKQNHOWCN-UHFFFAOYSA-N	C15H26O3
COC(=O)C1CCC(CC1)OC2CCCCCC2	114450745	CDEKMQZTCYXLSQ-UHFFFAOYSA-N	C15H26O3
C[C@@]12CC[C@@](O1)(C[C@H]3[C@@H]2CC[C@@]3(C)O)C(C)(C)O	24997244	HLMKZPFNWBGPSS-ZYDPBQMLSA-N	C15H26O3
C[C@@]12CC[C@@H](C([C@@]13CC(CC2)C(O3)(C)C)O)CO	142113535	RGQYSCLLVTTYRE-GWFSLKOKSA-N	C15H26O3
C[C@]1(CCCC1(C)C)C2C[C@@H]([C@@]([C@@H]3[C@H]2O3)(C)O)O	102375822	WKPUMUUKOQIOFA-TXEYTHNNSA-N	C15H26O3
CCC/C=C/C=C/C=C/CCCOCC(CO)O	21608856	SAEHRYZUAYWJPC-ZAJAATJQSA-N	C15H26O3
CCCCCCCC(=C=CC)C(=O)COCOC	14791743	VEWVLPZSMLKLAT-UHFFFAOYSA-N	C15H26O3
C[C@@H]1CC[C@H]([C@@H](C1)O[C@H]2[C@H](CC(=O)O2)C)C(C)C	11831979	VWBRNNUJLRKZDU-NLRWUALESA-N	C15H26O3
CCCOCCC(=O)C1CCOC2(C1)CCCC2	105119049	CDINDEJCSUKDGS-UHFFFAOYSA-N	C15H26O3
CCOC(COC1=CC=C(CC1)C(C)C)OCC	89574567	OHEGAUJVJKPJHE-UHFFFAOYSA-N	C15H26O3
C[C@@H]1[C@H]([C@H]([C@@H]2[C@]13CC[C@@]([C@H](C3)C2(C)C)(C)O)O)O	21592314	QRQQUZWUGRLWNL-WPIQPZJCSA-N	C15H26O3
C[C@@H](CO)[C@@H]1CC(=C)[C@H]([C@@H](O1)C2CCCCC2)O	101452444	SESNAXJNZKDYSE-MHEUCROKSA-N	C15H26O3
CC(C1CCC2C1(CCCC2=O)C)C(OC)OC	72542042	FXUVMZRJUQLXGF-UHFFFAOYSA-N	C15H26O3
CC1C(C2CC1C3C2C(CC3)OCC(CO)O)C	122645172	YWJKCOFRDLUEOF-UHFFFAOYSA-N	C15H26O3
CC(C)OC(=O)C1(CO1)CCCCC2CCCC2	54299642	SDHFEJGBRCWFNL-UHFFFAOYSA-N	C15H26O3
CCCCCCCC1(CCOC1C2CC2)C(=O)O	104509150	XYOULLRQDSFRSY-UHFFFAOYSA-N	C15H26O3
CCC(C(=O)OC1CC(CC(=C1)C)(C)C)OCC	86839766	GXOLPHJUBUOAPZ-UHFFFAOYSA-N	C15H26O3
CC(=C)[C@@]1(CC[C@]2([C@@H](CC[C@]([C@@H]2C1)(C)O)O)C)O	102125249	WIRHOTPZHPFEKP-ZSAUSMIDSA-N	C15H26O3
CCC(=O)C(C)OC.CC1=CC(=O)CC(C1)(C)C	66912547	AWBWONWVVVBXQB-UHFFFAOYSA-N	C15H26O3
CCC/C=C(\C)/C(CC)OCCOC(=O)C(=C)C	101228153	URZKAHUGAAKQBU-UKTHLTGXSA-N	C15H26O3
CC(C)(C)OC(=O)CCCC[C@@H]1C[C@@H]1CCC=O	145841230	UUUUFOGIOBHCLV-OLZOCXBDSA-N	C15H26O3
CCCCC#C[C@@H]1[C@H](CCO1)C(OCC)OCC	10777351	XAVBMXYPDNUCFW-UONOGXRCSA-N	C15H26O3
CCCC(=O)C1(CC(C1)(CC)CC)C(=O)OCC	79554610	JDANZBZWSWUHEP-UHFFFAOYSA-N	C15H26O3
CCCCCCOC(=O)C12CCCCCC1(O2)C	89581967	ABRJRQMNYXMGMR-UHFFFAOYSA-N	C15H26O3
CCOC(=O)/C=C/CCCCCCCCCC=O	45113754	AFWNFVQSYFRWAN-ACCUITESSA-N	C15H26O3
CC(C)CC(C)(C(C)C)C(=O)OC1CCCC1=O	126727945	BPMFVXAWWSUBNN-UHFFFAOYSA-N	C15H26O3
CCCCC[C@@H](C=C[C@H]1[C@@H](CC(=O)[C@@H]1CC)O)O	91428616	LVPGDVBHAVOYRF-KYEXWDHISA-N	C15H26O3
CC1CCC(CC1)(C(=O)CCC2CCCO2)OC	116749211	WOZXJLSAUZNLSA-UHFFFAOYSA-N	C15H26O3
CC1CCC(CC1)OCC2CCC(CC2)C(=O)O	152855251	UZXCGDWSSLFUNZ-UHFFFAOYSA-N	C15H26O3
CC/C=C(\C)/C(C)OC(C)(C)COC(=O)C1CC1	70305433	KAKHECSVULLVRX-YRNVUSSQSA-N	C15H26O3
C[C@]1(CC[C@H]2[C@H]([C@]2(C)CO)[C@@H]3[C@H]1CC[C@@H]3CO)O	122211388	UCTPQBJTSCTRLZ-UBRSESRLSA-N	C15H26O3
CC(C)C12CCC(CC1)(CC2C(=O)OCCO)C	69423305	WMFGISCVXZMDDD-UHFFFAOYSA-N	C15H26O3
CCCCCCCCCC1CC(=CC(=O)O1)OC	139249080	NEXJOSQJIVTPEM-UHFFFAOYSA-N	C15H26O3
CC1CC=CCC1CO[C@H](CC(C)C)C(=O)OC	114282423	NKJKQDCLFXBOHW-JXQTWKCFSA-N	C15H26O3
CCCCCCC1(CC2C(O2)CC1(C)C(=O)O)C	153820370	WPXLEBPECOCRFK-UHFFFAOYSA-N	C15H26O3
C[C@@H]1C[C@H]([C@@H]2[C@@H]1C[C@H]3[C@H](C[C@@]2(OC3(C)C)C)O)O	12304812	HMTVXYYWICMXMY-YSVDCJIHSA-N	C15H26O3
CC/C=C/CC([C@@H]1CC[C@@H](C1)C2(OCCO2)C)O	148866124	QCKZMCQQENHZCJ-RALNTVBCSA-N	C15H26O3
C1CCC(CC1)CCOC2CCC(CC2)C(=O)O	114190868	FADKMASVFAACPZ-UHFFFAOYSA-N	C15H26O3
C[C@]12CCC[C@@H]([C@@H]1CC[C@@H]2C(=C)CO)OCOC	22867850	YZWYENMYVAIOMZ-CBBWQLFWSA-N	C15H26O3
CC(=CCC1C(O1)C2[C@@H](CCCC2OC)OC)C	138719820	BURHHZIHYAFVFL-SHIHICALSA-N	C15H26O3
C[C@]12CCCC(=C)[C@]1(C[C@@H](CC2)[C@](C)(CO)O)O	11288276	UJAAZUOEEYZOLC-KBXIAJHMSA-N	C15H26O3
CCCCC(C)(CC#COC1CCCCO1)OC	23126355	CWDHIJPFTIHPJQ-UHFFFAOYSA-N	C15H26O3
C[C@H]1CC[C@H]([C@]12CC=C([C@@H](C2)O)CO)C(C)CO	56837423	ZROMKBZACQHABO-PCXPMXOESA-N	C15H26O3
CCCCCCCCCC/C(=C/OC(=O)C=C)/O	20314024	PPPPVLPSODNSGE-YPKPFQOOSA-N	C15H26O3
C[C@]1([C@@H](CCC2C1CCC3(C2)CO3)OC)COC	145337307	GMOYWTWZAXFWDL-HTPHUKHLSA-N	C15H26O3
C1CCC(CC1)(C2CCOC3(C2)CCOCC3)O	79901211	ILPFDQONBRPTRP-UHFFFAOYSA-N	C15H26O3
CC(C)CC(C)/C=C\1/CCC[C@@H]([C@@H]1OC(=O)C)O	147614024	GCOACLDNKUQLFP-QMEUHEBOSA-N	C15H26O3
C[C@]12CC[C@H](O1)C([C@@H]2COC(=O)C(C)(C)C)(C)C	11265300	TVTXRNPTVPAAIN-ZIBATOQPSA-N	C15H26O3
CC(C)C[C@H]1C/C=C/CC[C@H](CCCC(=O)O1)O	130238997	DLBWRVFYYSWDON-KBUVRSHFSA-N	C15H26O3
C/C=C(\CCC=C)/COC(C1CCCCC1O)O	149164831	WXXHVJCFDVXNIF-UUILKARUSA-N	C15H26O3
CCCC(C)(C)C(=O)OC1C2CCOC1C(C2)C	149507668	ZIFQBTVSPVGWNL-UHFFFAOYSA-N	C15H26O3
C/C=C/C(C=C)C(C/C=C/O)O.C=CCCCO	117725840	BBODGJOXKLVEFB-OGUOZNLASA-N	C15H26O3
CCOC(=O)CC(=O)CCC(C)C1CCCCC1	147113771	BMZXWUDDIUEQNK-UHFFFAOYSA-N	C15H26O3
CC1CCCC(OCCC=CCCOC1=O)(C)C	123233136	LLIHJMOURGZIMD-UHFFFAOYSA-N	C15H26O3
C[C@@H]1CCC(=O)[C@H]1CCCCCCCCC(=O)O	125472414	YISRXIOCLAORLD-OLZOCXBDSA-N	C15H26O3
C[C@@H]1[C@@H](C[C@@H]2[C@]1(CC([C@@H]([C@@H]3[C@]2(C3)C)O)(C)C)O)O	10944983	IFIHWZZZFAACPJ-FHISBMPRSA-N	C15H26O3
CCCCCCC(C#CCCCCO)OC(=O)C	139254022	BZEKBXWDJOZVSA-UHFFFAOYSA-N	C15H26O3
CCCCC(C1CCCC1)(C(=O)CCC)C(=O)O	67361502	UXVWAWIBAAHICD-UHFFFAOYSA-N	C15H26O3
C[C@@]12[C@@H](C[C@H]1O)[C@@H]([C@H]([C@H]3[C@@H]2CC(C3)(C)C)O)CO	11436744	HNXKXCUDHZKBFM-HZGRUGAPSA-N	C15H26O3
C[C@H]1CC[C@@H]([C@@]2([C@@H]1[C@@H]3[C@@](O3)(CC2)C(C)(C)O)C)O	10610979	ACYAYCSXPXYGNK-XISXQVBMSA-N	C15H26O3
CC1CCC(CC1)(C(=O)CCCC2CCCO2)O	113816967	HSSXWAMZQLYRKI-UHFFFAOYSA-N	C15H26O3
C[C@@]12CC[C@H](C[C@@]1([C@@](OC2)(C)C=C)O)C(C)(C)O	11076001	VQACWOJNGPAEAT-FAAHXZRKSA-N	C15H26O3
C[C@@]1(CC[C@@H]2[C@H](CC2(C)C)[C@@]3(CC[C@H]1O)CO3)O	11777094	SVOCNODFKUMEIY-FMKNKJFCSA-N	C15H26O3
C[C@H]1CC[C@@]2(O1)[C@@](CCCC2(C)C)(C)OC(=O)C	101532587	LTAWGWRPOGXHBD-CQDKDKBSSA-N	C15H26O3
CC[C@H]1C=C(C=CC1OCCCOCCOC)C	147948460	INDFNNPZVDXSRI-MLCCFXAWSA-N	C15H26O3
CCCC1(CCCCC1OCC)OC(=O)C(=C)C	58734720	MDVHOQQEVGDLMC-UHFFFAOYSA-N	C15H26O3
CC(=CCOC(C)(C)[C@H]1C[C@@H](CC[C@]12CO2)O)C	147787576	HIZOUQWWMDLMBF-NFAWXSAZSA-N	C15H26O3
CCCC.CC1=CC(=C(C=C1)OCCOC)OC	144425432	ATHJGWIVGGDLJK-UHFFFAOYSA-N	C15H26O3
CC1CCCCC1(COC(=O)CCCCC=C)O	10978009	DHWWIUOHVDAAFW-UHFFFAOYSA-N	C15H26O3
CCCCOC(=O)CCC(=O)C1CCC(CC1)C	65914013	AUMAJWGNVSYHCW-UHFFFAOYSA-N	C15H26O3
C1C2CC3(CC1CC(C2)(C3)OCCO)CCCO	141658415	CMIGSLCIWULOBB-UHFFFAOYSA-N	C15H26O3
C[C@H]1CCC2([C@@H]3CC[C@]([C@H]3[C@@H](C1(O2)C)O)(C)O)C	138982492	PIYWHRNORFKMHX-ZIHWQZICSA-N	C15H26O3
C1CCCCCOCC=CC(=O)OCCCCC1	67613759	MSIZWNQIQQGZPO-UHFFFAOYSA-N	C15H26O3
CCCC[C@H]1[C@@H]([C@H]2[C@@H](C[C@@H]([C@H]2C1=O)CO)CO)C	11514375	OATQKUGWGMOEIW-KYTCRMMBSA-N	C15H26O3
C1CCCC2(CC1)C(CC2OCC3CCOC3)O	66344160	GFYYJNMUBWRMPP-UHFFFAOYSA-N	C15H26O3
CCC(C1CCC2C1CCC(C2)OC)C(=O)OC	148331739	VKVQSIYCUJWYJD-UHFFFAOYSA-N	C15H26O3
CC1CCC(CC1)(C(C)CC(=O)O)C(=O)C(C)C	101821152	PMHSRWVIBLWTRI-UHFFFAOYSA-N	C15H26O3
CCCC[C@@]1(C=C[C@H](O1)C(=O)OCC)C(C)(C)C	21630660	KRWISHDBFDQSFA-SWLSCSKDSA-N	C15H26O3
CCC1CCCCC1OC2CCC(CC2)C(=O)O	114451364	QOZRTTAESVTPRI-UHFFFAOYSA-N	C15H26O3
CC(C)[C@H]([C@H]1CC[C@]2([C@@H]1C(=C)C[C@H]([C@@H]2O)O)C)O	11994818	KTEUQONRKCTSQW-ZYIYBEKCSA-N	C15H26O3
C[C@@H]1CC[C@H]([C@@H]2[C@H]1CC=C([C@H]2OO)C)C(C)(C)O	21628173	QPBCLFXNKLVOIU-RMTQGBGSSA-N	C15H26O3
C1CCOC(C1)C(C2CCOC3(C2)CCCC3)O	113664118	XAQIRHRRFRJBJI-UHFFFAOYSA-N	C15H26O3
CCCCCC1(CCC(=O)CC1)COC(=O)CC	68145200	SQQCPFOERQHPGW-UHFFFAOYSA-N	C15H26O3
CC(C1CCC(CC1)C2CCC(CC2)C(=O)O)O	149369923	UKSKUADBNNFDHY-UHFFFAOYSA-N	C15H26O3
CC1=CC([C@@H]2[C@@]([C@]1(CO)O)(CCCC2(C)C)C)O	138114064	RWPFZPBMMIWKKY-FXYBZAJKSA-N	C15H26O3
C[C@@]12C[C@@H]([C@@H]3[C@H](CC3(C)C)[C@H](CC[C@H]1O2)CO)O	102186301	AUNXYBGCNSNKAX-GPVWGEJLSA-N	C15H26O3
C[C@@]12CC[C@H]3[C@H](CC3(C)C)[C@]([C@H]1O)(CC[C@H]2O)O	101427007	ZNZACRWMACXOCV-HRSNZQSQSA-N	C15H26O3
CC(C1CCCCC1)(C(=O)O)C2(CCCCC2)O	343739	FHOXQGCVIIROOT-UHFFFAOYSA-N	C15H26O3
CC(C)C1CCC2(C(O2)CCC3(C(C1O)O3)C)C	45359817	CZZAIHWBOUXBPS-UHFFFAOYSA-N	C15H26O3
CCCCCCOC1CCCC(C1)OC(=O)C=C	141143288	XJJOASYCWPWXCB-UHFFFAOYSA-N	C15H26O3
CCCCCCC=COCCCOC(=O)C(=C)C	139896481	UEJTYXSZQQEUIH-UHFFFAOYSA-N	C15H26O3
C1CC(C(C1)O)C2CCC(C2O)C3CCC(C3)O	149226902	XJNVNQBLFSEMBZ-UHFFFAOYSA-N	C15H26O3
CCCCCCC1(OCCO1)C2CCCC(=O)C2	85820343	HQNBHAGSGKMHNQ-UHFFFAOYSA-N	C15H26O3
CCC=CCC=CCC=CCCCO.CC(=O)O	71368246	UATGTTMKOCJRRX-UHFFFAOYSA-N	C15H26O3
CC1=C(C([C@H](CC1)O)(C)C)CCC(C)OC(=O)C	101067970	DFRHQHKOJBIHJJ-IAXJKZSUSA-N	C15H26O3
CC(C)C(C#CCCCC1OCCO1)(C(C)C)O	10658622	ZZJAVDABPVOYFL-UHFFFAOYSA-N	C15H26O3
C[C@@H]1CC[C@H]([C@@H](C1)OC(=O)C(CC=C)O)C(C)C	11747178	ZBKYJSPWZDMJOJ-QNMSZWNNSA-N	C15H26O3
CCCCCC#CC[C@H](COC1CCCCO1)O	14464847	SNRDBLMDHRSUFP-GICMACPYSA-N	C15H26O3
CCCCCCOC1CCCCC1OC(=O)C=C	141143232	QVKHQTHNVVEFIS-UHFFFAOYSA-N	C15H26O3
C1C[C@H]2C[C@@H]1[C@H]([C@H]2CO)CCCCCCC(=O)O	53972375	JSNQOMAKMBGFCF-RQJABVFESA-N	C15H26O3
CC(C)(C)OC(=O)OC1CCC2(CCCC2)CC1	69526576	OERISOXRZOTBQR-UHFFFAOYSA-N	C15H26O3
CCCOC1CC(CCC1O)C2CC(=CCO2)C	149177768	HXWVPUBOZFMNOF-UHFFFAOYSA-N	C15H26O3
CCCC(C1CCOC2(C1)CCCCC2)C(=O)O	79900878	PPMHSLYMDHAQGH-UHFFFAOYSA-N	C15H26O3
C/C(=C/CO)/CC/C=C(/C)\COC1CCCCO1	122523167	YDZGVMBMEMKXNF-RJXAORMISA-N	C15H26O3
CC(C)(CC(=O)O)C1CCOC2(C1)CCCCC2	81004443	ZTCOMBUTUQSZBS-UHFFFAOYSA-N	C15H26O3
CCC/C=C\CO/C(=C\CCC)/C(=O)OC(C)C	102021712	DVIKCIUTHMZNLL-WEJYHURQSA-N	C15H26O3
C[C@]12CC[C@@H]3C[C@@]1(C([C@H](CC2)O)(C)O)OC3(C)C	59921271	QDZQKRSRABUOAX-BPBVZVOTSA-N	C15H26O3
CCC(C)([C@@H]/1CCCC[C@@H](/C=C1)O)C(=O)OCC	15866563	CQZDTNUHBBAVQQ-FHYNUVBUSA-N	C15H26O3
C[C@H]1C[C@H]([C@@H]([C@H]2[C@H]1CC=C2)C)OCC(OC)OC	3085475	QEBGKUMRBYPVBR-ZUWCUPBKSA-N	C15H26O3
CC1CC=CCC1COC(C)C(=O)OC(C)(C)C	66338096	GFUTUFYLGCUXJS-UHFFFAOYSA-N	C15H26O3
CC.CC12CCC3(CC1CCCC2=O)OCCO3	144402514	OUPPRLGCWJIBOT-UHFFFAOYSA-N	C15H26O3
CCC(=CCOC1CC(CC(C1)C)C)C(=O)OC	77101809	QGJSIPQLXFCTCF-UHFFFAOYSA-N	C15H26O3
CC.C/C=C(/CCO)\C=C(\C=O)/C(=C)CO.C=C	143876789	VHQBAVXPHDLWQR-FZVBVQAOSA-N	C15H26O3
CCOC1CCC(CC1)C2CCC(CC2)C(=O)O	141771544	QYQCBRAFRCSEND-UHFFFAOYSA-N	C15H26O3
C[C@@]12CC[C@H]([C@@]([C@@H]1CCCC2=O)(C)CCCO)O	101763636	LGONGDKCLUKWAV-PMOUVXMZSA-N	C15H26O3
CC(C1CCCC(C1)OC2CCCCC2)C(=O)O	147464932	IZMYPQGJCMIMPV-UHFFFAOYSA-N	C15H26O3
C[C@@]12CC[C@H](C([C@H]3[C@@H]1[C@@H](C[C@@]2(C3O)C)O)(C)C)O	122706895	XFKGEQRMYJCXFK-YTAGIEBCSA-N	C15H26O3
CC(=C(C)CC(=C)CC([C@H]1COC(O1)(C)C)O)C	46895205	OJEOOJJPJQUZHX-ARLHGKGLSA-N	C15H26O3
C[C@@]12CC[C@H](C[C@H]1[C@](CCC2=O)(C)O)C(C)(C)O	102247107	CBXYYOCAFFFQQW-YIKOMLBNSA-N	C15H26O3
C1CCC(CC1)OC2(CCCO2)OC3CCCC3	150491015	HVUJOZZOINSMLZ-UHFFFAOYSA-N	C15H26O3
CCC(C)C(=O)OC1(CC2CC(C1)CC(C2)O)C	148541119	MSEKTFCKCYKZGD-UHFFFAOYSA-N	C15H26O3
CC(C)(C)C(C1CCOC2(C1)CCCC2)C(=O)O	83139568	CLGGHOLGAOLOPD-UHFFFAOYSA-N	C15H26O3
CCCCCCCCC#C[C@H](CCC(=O)OC)O	13289021	ZDYJUAHGGVPCPZ-CQSZACIVSA-N	C15H26O3
CCCCCCCCCC/C(=C\C(=O)O)/C(=O)C	87707693	RAOFKGGOCSXXCW-WYMLVPIESA-N	C15H26O3
CCOC(=O)C(C)(C1CCC2(CCCC2)CC1)O	114821107	SNZXOTPFSFORJZ-UHFFFAOYSA-N	C15H26O3
CC1=C2[C@@H]([C@@H](CC[C@]2([C@@H](C[C@H]1O)O)C)C(C)C)O	10244059	OTHADBQYFUYGBF-PRSHDEELSA-N	C15H26O3
CCOC(=O)/C=C/OCCC(C)CCC=C(C)C	86757507	GFEWLBCPELKZRT-ZRDIBKRKSA-N	C15H26O3
CCCC[C@@H]1[C@H](OOC2(O1)CCCCC2)C(=C)C	44473595	KSOVIICBKAAOMV-ZIAGYGMSSA-N	C15H26O3
CCCCC/C=C/C(C1CCC2(C1)OCCO2)O	12661191	IMYUQDAMENKGFG-VOTSOKGWSA-N	C15H26O3
CC1=CC(C(CC1(O)O)C(C)CCC=C(C)C)O	102321419	ADODOEXEKKXIKD-UHFFFAOYSA-N	C15H26O3
COC1(CCOCC1)C(CC2CC3CCC2C3)O	116754012	RGQBJWZNZYBJTP-UHFFFAOYSA-N	C15H26O3
CCCC(/C(=C/C(=O)OCC)/C1CCCCC1)O	10060891	GEJHDTXYCIGRSI-ACCUITESSA-N	C15H26O3
CC1CC(CCC1C(=O)O)C2CCC(CC2)OC	148326596	GSHNABLXBLQJIH-UHFFFAOYSA-N	C15H26O3
CC(CCCC1CC2CCC1C2)C(C(=O)CO)O	149478055	ZCRROTYWMCFMEM-UHFFFAOYSA-N	C15H26O3
CC.CC.CC(C)(C(=O)C1=CC=C(C=C1)OC)O	144729771	UCTQQFAWCPZKDS-UHFFFAOYSA-N	C15H26O3
C[C@@H]1CC[C@H]([C@H]2[C@]1(C[C@@H]([C@H]2O)C(=O)C)O)C(C)C	16086513	XPEOIYWRHYTKDP-NZRAJZDZSA-N	C15H26O3
C1CCC(C(CC1)C(=O)O)CCCC2CCCO2	81009440	APUCLLLWUULHQF-UHFFFAOYSA-N	C15H26O3
C[C@]12CCCC(C1CC[C@@H]([C@H]2C(=O)OC)O)(C)C	10682389	PNORERWVNDPBJT-BZPFLNCKSA-N	C15H26O3
CCC(=O)OC(C)OC1CCC2CC(CC1C2)C	148421788	LVTABFVRFNKYBV-UHFFFAOYSA-N	C15H26O3
COC1CCC(CC1)(C2CCOC3(C2)CCC3)O	104459004	JGESVNONJVTJAE-UHFFFAOYSA-N	C15H26O3
CC=COCC1CCOC(O1)(C)C2CCCCC2	149842232	BVKMUMODEIQSAR-UHFFFAOYSA-N	C15H26O3
CC(=C)C(=O)OC(CC1CCCCC1)C(C)(C)O	67968236	KWOKIAFJYGDTAO-UHFFFAOYSA-N	C15H26O3
CC(C)[C@@H]1C[C@@H]([C@]2([C@H]3[C@@H]1[C@@H]2[C@@](CC3)(C)O)CO)O	139588324	BKMHRAKVPWZPND-KUBHYLHLSA-N	C15H26O3
CCCCC(=C=CC(C(=O)OCC)C(C)(C)O)C	15681089	SDUDZDDLCQDAJY-UHFFFAOYSA-N	C15H26O3
CCCCCCCCC[C@H]1C[C@@H](OC(=O)O1)C=C	23657209	DUWXBPARFAXJLT-KBPBESRZSA-N	C15H26O3
CC(C(C(C)(C)CC=C)OC)C(=O)C(C)(C)C=O	20767046	KOJFMZPTLNXJGW-UHFFFAOYSA-N	C15H26O3
C[C@@]1(CCC[C@@]2([C@@H]3[C@H]1[C@H]([C@@]2(C[C@H]3O)C)O)C)CO	98050239	OLWYTMKUCGVHCZ-AYECITQQSA-N	C15H26O3
CCCCCCC/C=C/C1CC(C(C1)OC=O)O	88771114	XKKYISVRGSAQNC-CMDGGOBGSA-N	C15H26O3
CCC1CCCCC1OC(=O)CCC2CCCO2	78859288	IXZHSMKWHNVMBX-UHFFFAOYSA-N	C15H26O3
CCCCC(CC)C(=O)OCC1CCC2C(C1)O2	59735661	MXAXWGYUPTYYFX-UHFFFAOYSA-N	C15H26O3
C1CC(CCC1CO)COC2CCC(CC2)C=O	89198258	PIKYJHYQRIJSBM-UHFFFAOYSA-N	C15H26O3
CC1CCC2C(CCC(C2C1)C3(OCCO3)C)O	71390518	JIFSLROTXNMVIC-UHFFFAOYSA-N	C15H26O3
CCCCCC[C@H]1CC=C[C@H](O1)CC(=O)OCC	73055543	KMUSKRJEVQAYCZ-KBPBESRZSA-N	C15H26O3
CC1(CCCCCC[C@H]2[C@@H](CCC1)OC(=O)O2)C	118927981	MHISPDPWJBMWOI-QWHCGFSZSA-N	C15H26O3
CCCCCC(CC(=O)C)CC(=C)C(=O)OCC	10901196	TVBHHWXRRULCPT-UHFFFAOYSA-N	C15H26O3
CC1CCCC(C1)OC2COC(=O)C2(C)C(C)C	141549692	NOPUSDXXFHSYOR-UHFFFAOYSA-N	C15H26O3
CC1(CCC(CC1)(C(=O)C2CCCOC2)OC)C	107136028	XJLSNYMBTLXWEB-UHFFFAOYSA-N	C15H26O3
CCC1(C(CC1=O)OC2CC(OC(C2)C)C)CC	104045861	OPZNGDKXSDLION-UHFFFAOYSA-N	C15H26O3
CC1(CCC(CC1)CC2(CCC2)C(=O)O)COC	155266213	FSQJWDMTRDGFBS-UHFFFAOYSA-N	C15H26O3
CCCCCCC[C@@]1(CCCC1=O)C(=O)OCC	129408573	XOLLWGZPNRBVTM-HNNXBMFYSA-N	C15H26O3
CC1=C(C(C[C@@H](C1)OC(=O)C)(C)C)CC[C@H](C)O	11139694	WBRTUVPABQNTCM-WCQYABFASA-N	C15H26O3
CC1(C[C@H]2C[C@@H](CCC3(C[C@H]2C1)OCCO3)O)C	44195411	VVTIDKKAHFGILH-JHJVBQTASA-N	C15H26O3
C[C@]12CC[C@@H](C[C@@H]1[C@@](CCC2=O)(C)O)C(C)(C)O	15226665	CBXYYOCAFFFQQW-GVARAGBVSA-N	C15H26O3
COC1CCC(CC1)C2CCC(CC2)CC(=O)O	146813282	PQZWURZCBWNSAH-UHFFFAOYSA-N	C15H26O3
CC(C)CC(=O)O[C@@]1(C[C@H]2CC[C@@]1(C2(C)C)C)O	141530500	GJPGMDVCNWDGDH-KCPJHIHWSA-N	C15H26O3
CC(C)(C)OC(=O)/C(=C/C1CCCC1)/CCOC	141055381	RIYYXKNMGGEPQE-ACCUITESSA-N	C15H26O3
CC(CCCC1(C2CCC1(C(C2)O)C)C)C(=O)O	149484374	ZDWNODOJNRESJO-UHFFFAOYSA-N	C15H26O3
C[C@H]1CC[C@]2(O1)[C@](CCCC2(C)C)(C)OC(=O)C	92288200	LTAWGWRPOGXHBD-NILFDRSVSA-N	C15H26O3
CCCOCC1CCC(CC1)COC2CC2C=O	153229581	WPGZWBYHNNHPSS-UHFFFAOYSA-N	C15H26O3
CC(C)(CC(=O)C[C@@H]1CC[C@H]2[C@@]1(CCCC2)O)O	10923090	OXMOTXMGSQDVIT-SLEUVZQESA-N	C15H26O3
CCC1CCCC(C1)OC2CCC(CC2)C(=O)O	113587205	CNSPRLWLFGINGT-UHFFFAOYSA-N	C15H26O3
CC1(CC(=CC(C1(C(=O)O)O)(C)C)C(C)(C)C)C	152456208	XUMITUCKNFELKI-UHFFFAOYSA-N	C15H26O3
CCCC(C(=O)C1CCCCCC1)C(=O)OCC	83049194	WOHFUDUPPVOLBT-UHFFFAOYSA-N	C15H26O3
CC(C)C1CCC(C(C1)C2CCCOC2)C(=O)O	107138060	BTFYEEZUGLAWAV-UHFFFAOYSA-N	C15H26O3
C1CCC(C(CC1)O)C2CCOC3(C2)CCOC3	79912098	AKGDGVHOOMTPOE-UHFFFAOYSA-N	C15H26O3
CCOC1(CCC(CC1)C)C(C2=CCCCO2)O	113721080	QTACWNKKPDHDNW-UHFFFAOYSA-N	C15H26O3
C=C(CC1(CCCCC1)O)CC2(CCOCC2)O	21608136	MBADDQMYGLXENQ-UHFFFAOYSA-N	C15H26O3
CC(C)(C)OC(=O)OC1CCC2CCCCC2C1	140515631	QISRJYBTOATBCL-UHFFFAOYSA-N	C15H26O3
C[C@H]1CC[C@@H](C(=C2[C@H]1CC([C@@H]2O)(C)C)CO)CO	46872467	VAKGCQGAOMIBKI-BBGACYKPSA-N	C15H26O3
CC(=O)OCOC1CCC(CC1)C2CCCCC2	140475350	SBHNIHYYPRZBEN-UHFFFAOYSA-N	C15H26O3
CCC[C@H](C=C)[C@@H](C(C)C)C(=O)C(=O)OC(C)C	101126386	DMPMYYOETJOICW-QWHCGFSZSA-N	C15H26O3
C[C@]1([C@H](CCCC1CC=O)OC(C)(C)C)CC=O	102016173	VOXFRILJDWAIGX-MHEXWIEDSA-N	C15H26O3
C1CCC2(CC1)CCC(O2)CC3COCCC3O	113838482	SMTAYRNRRQKUQB-UHFFFAOYSA-N	C15H26O3
CC1C[C@@H](O[C@H](C1C)CC=C)CCCC(=O)OC	130313491	YCVGLPDKYYVLGI-HOAMVYINSA-N	C15H26O3
C[C@@H]1CC(C2[C@H]1C(CCC2)C=O)(COC)COC	101436416	QFPFDIJUDRVEST-BLYZHGLHSA-N	C15H26O3
C[C@@]12CC[C@H]([C@@H]([C@@H]1C(=C)[C@H](CC2)O)O)C(C)(C)O	102239777	PJDGWXXYLXLWMB-MCZMQQNQSA-N	C15H26O3
CC1(CC(C(O1)(C)C)C2(CCCCC2)C(=O)O)C	113609238	SNSVZAXDTBEJKU-UHFFFAOYSA-N	C15H26O3
CC1([C@@H](CCC(O1)(C)C[C@H]2CCC(=C)[C@@H]2O)O)C	102458791	CMTHBYGVQAJJQT-DPORPMIOSA-N	C15H26O3
CCCCOC(=O)/C=C/CC(=C)[C@@H](C)[C@H](CC)O	101965889	WZGXVBCRUCWEHL-OJYSIEITSA-N	C15H26O3
C[C@H]1CC[C@@]2([C@@H](O2)[C@@]3([C@H]1CC[C@]3(C)O)O)C(C)C	21579115	RVUOKEAXBYPMTK-RODWMJHOSA-N	C15H26O3
CCC(C)(C)C(=O)OC1CC2CCCC(C2O1)C	118100443	IDKHFEVFJHCHKM-UHFFFAOYSA-N	C15H26O3
CCCCCCC1C/C=C/[C@H](CCCC(=O)O1)O	134858717	VSEGICVRJPANKZ-KRMTUFHESA-N	C15H26O3
C[C@H]1CC[C@H](CC2(C1=CC([C@@H]2C)O)O)C(C)(C)O	102509690	BPADDAZUPQKYQH-UKKZNOLRSA-N	C15H26O3
CCCCCCC(C#C/C(=C\CO)/C)OCOC	11128873	DETKNKQZAWIIIZ-KAMYIIQDSA-N	C15H26O3
CC(C=O)[C@H]1CC[C@H]2[C@]1(CCC[C@H]2OCOC)C	57199759	KMXLHGAZYZADLE-CVFKAICRSA-N	C15H26O3
CCC(C)C(=O)OC/C(=C/CCC(C)(C=C)O)/C	87189342	QYTRSCHUUMFPIG-FMIVXFBMSA-N	C15H26O3
C[C@@]1(C2CCC(C2)[C@@]1(C)O)CCC(C(=C)CO)O	101495686	AVDRNUPILDQYEO-KDLDWMSOSA-N	C15H26O3
CCC1CCC(CC1)C2CCC(CC2)OC(=O)O	141958374	AAIOJMAELMOFDN-UHFFFAOYSA-N	C15H26O3
C[C@@]1(CC[C@@H]2[C@@H]1[C@H]3[C@H](C3(C)C)CC[C@]2(CO)O)O	102103741	DPJNFIIBULGARZ-RJHCMKNPSA-N	C15H26O3
C[C@@]1(CC[C@]2([C@@H]3CCC([C@]2(O3)[C@@H](C1)O)(C)C)C)O	16085813	ZJJAQNUOYULQTH-VJFWYMLFSA-N	C15H26O3
C[C@]12CCCC([C@@H]1CC[C@@]([C@@H]2C(=O)O)(C)O)(C)C	71461981	VYGRCVWARMYZPO-IDTSFGKNSA-N	C15H26O3
C1CC(=O)[C@@H]1CCCCCCCCCCC(=O)O	29986126	XFBXXTOEKUXMOY-CYBMUJFWSA-N	C15H26O3
CCC1(C(=O)C(=C(O1)C)OCC(C)C)CC(C)C	21465743	MYSNNVCQXYDNGM-UHFFFAOYSA-N	C15H26O3
CC[C@H]1[C@@H]2CCC[C@@H]([C@]2(CCC13OCCO3)C)O	68174232	CBYBZRLIXHDPKI-XUXIUFHCSA-N	C15H26O3
C1CC1CCCCCCCCCC2(CO2)C(=O)O	20471805	HICXEQXJYVNEMB-UHFFFAOYSA-N	C15H26O3
CCC1(OC[C@](O1)(C)C[C@H](CC(=C)C=C)O)CC	11459479	VDNVUKROIVDKLZ-KBPBESRZSA-N	C15H26O3
CCCCO[C@H](CCCO)[C@@H](C)/C=C/C(=O)C=C	89042093	ZPNPKFQQUVXPPZ-BPKFXHHPSA-N	C15H26O3
CC.CCC(C1CC(=O)OC1=O)C(=C)CC(C)C	142439981	VUOLBERUKNYCTN-UHFFFAOYSA-N	C15H26O3
CCC12CCCOC1C(C3(CC2)OCCO3)(C)C	142407593	DRTRLPUVUWEXCA-UHFFFAOYSA-N	C15H26O3
C/C/1=C/CC[C@]2([C@@H](O2)[C@@H]([C@@H]([C@H](C1)O)C(C)C)O)C	90471366	ZLJPGLNKPXPCBJ-YTEOQMAOSA-N	C15H26O3
CCCOC(=O)CC1(CCCC1O)C/C=C\CC	155412624	KXWIQASFXDEOBT-WAYWQWQTSA-N	C15H26O3
CC(CCCCCCCCCCC=C=O)C(=O)O	154228804	IVQIBTXONIHSQK-UHFFFAOYSA-N	C15H26O3
C[C@@H]1[C@H]([C@@H](C[C@@H]([C@]12CC[C@H](C2)C(=C)C)CO)O)O	91819768	NPIIWZCGVADPIE-OJVARPOJSA-N	C15H26O3
C1CCCC(CCC1)(CC2(CCCC2)O)C(=O)O	80609314	GMYUFDDFQVMHCP-UHFFFAOYSA-N	C15H26O3
C[C@]12CC[C@H]([C@]1(C)CCC=C(CO)CO)C[C@@H]2O	15976575	LXJAYIDTHSGGSL-ZQDZILKHSA-N	C15H26O3
CC1(C(O1)CCC2(CO2)C=C)CCCC(C)(C)O	117791782	QKMPYSHHFCEDMB-UHFFFAOYSA-N	C15H26O3
CCCCOC1=CC=CC=C1.CC=C.C(CO)O	69823578	HXILHDGDSDLAAK-UHFFFAOYSA-N	C15H26O3
CC/C(=C\C)/CC[C@@H]([C@]1(CCCO1)C)OC(=O)C	101937353	AUAOYVNXPVKERQ-YDYWWVRFSA-N	C15H26O3
C[C@]12CC[C@H]([C@@]([C@@H]1CCCC2=O)(C)CCCO)O	140023974	LGONGDKCLUKWAV-ATGSNQNLSA-N	C15H26O3
CCOC(=O)C1CCC(CO1)C2CCC(CC2)C	143335164	SSYHGZZKBFPQOL-UHFFFAOYSA-N	C15H26O3
CC(=CCCC(=CCOC(=O)OC(C)(C)C)C)C	123728859	ZVROHSSMXOIDPT-UHFFFAOYSA-N	C15H26O3
CC1=CCC[C@@]2([C@]1(C[C@H](CC2)CCO)OCO)C	132556886	QVXXPWQWHMKRMR-QLFBSQMISA-N	C15H26O3
C[C@@H]1CC[C@@H]2[C@@H]1[C@H]3[C@H]([C@]3(C)CO)CC[C@@]2(CO)O	15761787	XJCYHYLKHMEKAZ-ZFPHAMITSA-N	C15H26O3
C[C@]12CCCC([C@@H]1CC[C@H]([C@H]2C(=O)OC)O)(C)C	101048563	PNORERWVNDPBJT-YXMPFFBPSA-N	C15H26O3
C[C@]12CC[C@@H]3[C@@H](C3(C)C)[C@H]([C@]1(CC[C@@H]2O)CO)O	138982780	KFOMGIXNPLMKIH-DNNYSMPMSA-N	C15H26O3
C1CCCCC=CCCOCC(=O)OCCCC1	77761230	KTRNKTOXBNJJPE-UHFFFAOYSA-N	C15H26O3
CCCCC1C(CCCC(C1=O)C(=O)OCC)C	22173695	NVVWVQPRSZGDBG-UHFFFAOYSA-N	C15H26O3
CC(C)C(C)(CC1CCC2(O1)CCCC2)C(=O)O	102899345	MQXZIVGBPPBLGM-UHFFFAOYSA-N	C15H26O3
CC.CC.CCC(=O)OC1=CC=C(C=C1)COC	144283311	JDQUQEHQETUQPC-UHFFFAOYSA-N	C15H26O3
CC(CC(=O)O)CC1(CC2CCC1(C2(C)C)C)O	142702209	BKBDHHJZBZDLCB-UHFFFAOYSA-N	C15H26O3
CC(C)[C@@H]1CC[C@@]([C@H]2[C@H]1[C@H](CC2)C(=O)CO)(C)O	11482219	FBKFZIGTPRAJFI-PGKPSXLWSA-N	C15H26O3
CC(=CCCC(=CCCC1(OCCO1)C)CO)C	74054346	NPWSMFONTUSCDT-UHFFFAOYSA-N	C15H26O3
C1CCOC(C1)OCCCCC/C=C\CCC=O	10060892	DCJSFCXJKUFLRQ-IWQZZHSRSA-N	C15H26O3
CC(C)CC(C1CCOC2(C1)CCCC2)C(=O)O	79901982	CAJNXMFHXUAKBW-UHFFFAOYSA-N	C15H26O3
C[C@@]1(CCC[C@]2([C@@H]3[C@@H]1[C@H]([C@@]2(C[C@H]3O)C)O)C)CO	98050238	OLWYTMKUCGVHCZ-YPYWCSBCSA-N	C15H26O3
CC(CCCC(C)(C)O)C=CC(=CC(=O)OC)C	53802172	FJEXZWDZLOTGHL-UHFFFAOYSA-N	C15H26O3
CCCOC1C(CC1=O)OC2CCCC(C2)CC	114018826	DOORMPRMVYITLA-UHFFFAOYSA-N	C15H26O3
C1CCC(CC1)OC2CCC3C(C2)CC(O3)CO	140449857	MWMKVQJEJGKMSQ-UHFFFAOYSA-N	C15H26O3
CC(C)CC(=O)C(CCC(=O)C)C(=O)CC(C)C	537805	VTXAIOJVYZZRIX-UHFFFAOYSA-N	C15H26O3
CC(C)CCCC(C)CC=CC(=C(C(=O)O)O)C	153859229	CXIRAZRRZQSXAN-UHFFFAOYSA-N	C15H26O3
CC1CC(CC(O1)C)(C2CCOC3(C2)CCC3)O	81852868	NJLZSDOEUAOLFM-UHFFFAOYSA-N	C15H26O3
CC(=O)OC[C@H]1CCCC[C@@]1(C2CCCCC2)O	11747177	PHRBZVSYCLXNCA-CABCVRRESA-N	C15H26O3
C/C/1=C\[C@@H](CC(=C)[C@@H]([C@@H]([C@@H](CC1)C(C)C)O)O)O	101014203	PTRFJTHADLODLE-XZZYDNRUSA-N	C15H26O3
C1CCC2C(C1)CCCC2[C@@H]3CC([C@H](O3)CO)O	71067535	JJZMZBVYTJOGKV-GPVNTSHMSA-N	C15H26O3
CC(C)[C@H]1CC[C@]2([C@@H]1[C@H]3[C@](O3)(CC[C@@H]2O)CO)C	56665185	WAYKLJZCQJLECB-DBWOOVFOSA-N	C15H26O3
CC1=C[C@](CC1)(CCCCO[C@H]2CCCCO2)O	94037613	DZHJJXWHPOXXNY-LSDHHAIUSA-N	C15H26O3
CC1(O[C@@H]([C@H](O1)[C@@](C)(C=C)O)C2CCCCC2)C	102417853	CXBPNMJEWHBOID-VNHYZAJKSA-N	C15H26O3
CCC1(C(CC1=O)OC2CCCC(C2)OC)CC	66367064	NWHLCCYNSLPWGE-UHFFFAOYSA-N	C15H26O3
CCC(CCC(C)CCC=C(C)C)C(=O)C(=O)O	129047878	HAHNUUVZIXKOLP-UHFFFAOYSA-N	C15H26O3
CC(C)(C)OC(=O)C[C@H]1[C@@H](C12CCCCC2)CO	102349651	WXQBJIFBSVFSAV-RYUDHWBXSA-N	C15H26O3
CC(C)[C@@H]1CCC(=C)[C@H](CC[C@]2([C@@H]([C@@H]1O)O2)C)O	88089105	BLDFJCQBBCUILK-AHDPXTMNSA-N	C15H26O3
CC(C)(C)C(C)(C)COC1=CC(CC(=C1)CO)O	71069154	JRYIZVJBWWJDDJ-UHFFFAOYSA-N	C15H26O3
CCCCC(=O)O[C@@]1(C[C@H]2CC[C@@]1(C2(C)C)C)O	141148632	YQVNCPFHGWALMC-KCPJHIHWSA-N	C15H26O3
CC(C)(C=CCCC=CCOC1CCCCO1)O	150043777	DJVMBAMLBYDGKW-UHFFFAOYSA-N	C15H26O3
C1CCC(CC1)C(C(=O)CCCC2CCCO2)O	103457681	SSJJYEOJDRSYSC-UHFFFAOYSA-N	C15H26O3
CC1CCC(C(C1[C@@]2(CCCC(=O)C2)C)O)OC	148703928	NVXBDSVAHQMRJE-QGJDSUORSA-N	C15H26O3
C[C@@H]1CCCC2=CC[C@H](C[C@@]12C)C(CO)(CO)O	139586795	LWSHSEQWAHXOGT-BNOWGMLFSA-N	C15H26O3
CCC1CCC(CC1)(CC2(CCCC2)O)C(=O)O	79429314	MSAPQPGCMILDKF-UHFFFAOYSA-N	C15H26O3
C[C@H]1[C@H]([C@@H](CC([C@@]12CCC(=CC2)CO)(C)C)O)O	139590766	CZGPFTWSQIUAET-ZGFBFQLVSA-N	C15H26O3
CC(C)CC(C)CC(=O)OCC1CCC2C(C1)O2	144582859	LXIAIGMEOMQQDR-UHFFFAOYSA-N	C15H26O3
CC1(CC(C(O1)(C)C)C(=O)CC2(CCC2)OC)C	103558980	BAGHFLNEDJUBIE-UHFFFAOYSA-N	C15H26O3
CCC(=O)OC/1CCCCCCCCC/C=C1/O	88522585	WFWBFILZOUJXPS-ACCUITESSA-N	C15H26O3
CC1CCCC(C1)(C(=O)CC2CCOCC2)OC	113560193	ZZZANPOCPISUOI-UHFFFAOYSA-N	C15H26O3
CC(CCCC1(C(O1)C(=O)O)C)CCC=C(C)C	103397	HNKTWOAOIFUVAM-UHFFFAOYSA-N	C15H26O3
CC1(CCCCC1)OC(=O)OC2(CCCCC2)C	69656757	RCFQOCITODTRTR-UHFFFAOYSA-N	C15H26O3
CC1CCC1(C(=O)OCCOCC=C)C(C)(C)C	89012185	GGIRRXCKFADUFF-UHFFFAOYSA-N	C15H26O3
CC(=C)[C@@H](CC/C(=C/[C@H](CC(C)(C=C)O)O)/C)O	11586910	UUUBEBQXNXKPPJ-GKAOUKIWSA-N	C15H26O3
C[C@@H]1CC[C@@H]([C@@]12C[C@H](C(=O)O2)C(C)C)C(C)CO	53257637	PUIWZPWONJUELP-CBPAIQIRSA-N	C15H26O3
C[C@@H]1CC[C@H]([C@@H]2[C@H]1CC=C([C@H]2OO)C)[C@@H](C)CO	21628195	HFNCTWDQYYBXSP-ISNQVGQNSA-N	C15H26O3
CCC(COC=C)(C1CCCCC1)OCC2CO2	140203052	MCAGBBMVXWSJCZ-UHFFFAOYSA-N	C15H26O3
C[C@@H]1[C@H]([C@@H]2CC(C[C@@H]2[C@@]3([C@]1([C@@H](C3)O)O)C)(C)C)O	123872205	RPZHKNYPNXIQDG-ZVUWWECISA-N	C15H26O3
CC(C)C1CCC(C(C1)C2CCOCC2)C(=O)O	81021156	XRHVGJYMTDFCLO-UHFFFAOYSA-N	C15H26O3
CCCCC[C@H]1[C@@H](CCC1=O)C(C)(C)C(=O)OC	11780066	JDZGMHGHBFLHOH-NWDGAFQWSA-N	C15H26O3
CC(C)(C)C(=O)C[C@H]([C@@H]1[C@H](O1)C2CCCCC2)O	12152697	SFLAOELQJJZXBC-MRVWCRGKSA-N	C15H26O3
CCC(C)C(=O)OCC(CC(C(=C)C)O)C(=C)C	6429157	YQYGOUBLFZCTSE-UHFFFAOYSA-N	C15H26O3
C1CCCC(CCC1)CCCCC2(CO2)C(=O)O	20471812	AKVCMVNUJNWUBU-UHFFFAOYSA-N	C15H26O3
CCOCC(C)(C)[C@H](/C=C/[C@H]1CCC(=O)[C@@H]1C)O	71157476	JGVTVDFVUWAANJ-SVCNHYAHSA-N	C15H26O3
CC1(CCC(CC1)(C2CCCCC2O)C(=O)O)C	79428937	IVJAKVBLRMQKKT-UHFFFAOYSA-N	C15H26O3
CCCC(=O)OCOC(C)(CCC=C(C)C)C=C	10923087	RHFHURLPAIRPOZ-UHFFFAOYSA-N	C15H26O3
CC1CCCC(C1)OC2CCC3(CC2)OCCO3	113414118	XPKSFWCBJAMKMT-UHFFFAOYSA-N	C15H26O3
CC1(C[C@@H]2[C@H](C[C@H]1CC2O)OC3CCCCO3)C	10562913	NHPPFQUCJOGAQU-IGYKFCIQSA-N	C15H26O3
CC(C)[C@@H]1CC[C@@H]([C@]12CC[C@]([C@@H]3[C@H]2O3)(C)O)CO	127027103	HCQILPTZDJSPJO-ULXLPNHUSA-N	C15H26O3
C[C@H]1CC[C@@H]([C@H](C1)OC2C=C(COO2)C)C(C)C	101035377	MUDHZSJJAJKIBN-MFLQWKMISA-N	C15H26O3
C[C@]12C[C@@H](CC([C@@H]1CC[C@@]3([C@@H]2CO)CO3)(C)C)O	72192556	YQPIUTNSNHPICW-MIBAYGRRSA-N	C15H26O3
CCCC1(CCC(CC1CC2CO2)O)CC3CO3	150607914	ITGRUOPBGJHLHJ-UHFFFAOYSA-N	C15H26O3
CC1(CC(CC(C1O)(C)C)OC(=O)C2(CC2)C)C	52934510	LFMRKBNBFRGYNP-UHFFFAOYSA-N	C15H26O3
CC1CC[C@]2([C@@H](C1)O[C@]3([C@@]2(CC[C@H]3O)C)CO)C	100969595	UUYQJFYJVPEIQG-ZSABPLCXSA-N	C15H26O3
CCC(=O)C(=C(C)CC(C)C)C(=O)OC(C)(C)C	140224385	IIMPBLRUBHKNOL-UHFFFAOYSA-N	C15H26O3
CCC1C(CCO1)C(=O)C2CC(OC2(C)C)(C)C	114106611	RNYQUECFAZVSHS-UHFFFAOYSA-N	C15H26O3
CC(C)CCC1CCC(CC1C=C(C)C(=O)O)O	53864246	GYPOJUMANRUVHX-UHFFFAOYSA-N	C15H26O3
C=CC(=O)OCCCCCCCCCCOC=C	129103186	JYAPWQRASKUQHN-UHFFFAOYSA-N	C15H26O3
CCOC(=O)/C=C/CCCCCCCCC1CO1	10858024	BSPAQTWOSOBROL-ZRDIBKRKSA-N	C15H26O3
C1CCC(CC1)CC2CCC(CC2)C(C(=O)O)O	147205184	MBPADGYZDWRWAL-UHFFFAOYSA-N	C15H26O3
CC(C)OCCOC1CC(=O)C12CCCCCC2	66368449	IISFRBWQCCPEEU-UHFFFAOYSA-N	C15H26O3
CC/C=C(\C)/[C@@H](C)OC(C)(C)COC(=O)C1CC1	122689684	KAKHECSVULLVRX-YTRUQHMWSA-N	C15H26O3
C[C@]12CCCC(=C)[C@@]1(C[C@@H]([C@H](C2)O)C(C)(C)O)O	101821076	XGPONYNKAOFSGR-DDHJSBNISA-N	C15H26O3
CC1(OCCO1)CCCCC/C=C\CCCC=O	59841782	JVHRVHFVYMZXSR-RQOWECAXSA-N	C15H26O3
CC1(CC(CCO1)(CC2CCCCC2)C(=O)O)C	23904577	HHMKNNYYPUQGNU-UHFFFAOYSA-N	C15H26O3
C1CCC(=O)OCCCCOCCCCC=CC1	77762713	BMNMOZJSDLGNBJ-UHFFFAOYSA-N	C15H26O3
CC(=O)OC1CCC2(C1CCCCCCO)CC2	149033309	QGDPXXJZKRJPIQ-UHFFFAOYSA-N	C15H26O3
C[C@@H]1CC[C@@H]([C@@]2([C@]13C[C@@H](C[C@@H]2O)C(O3)(C)C)C)O	101099451	SKBJIXBIHADDTL-QIWTVSAUSA-N	C15H26O3
C[C@H](CCC=C(C)C)CCC(=O)CCCC(=O)O	10587071	LTJNMFBAVZKWGD-CYBMUJFWSA-N	C15H26O3
CC1CC(=O)CCCCCCCCCC(=O)OC1	85536521	GPWHJXUZCKGHOV-UHFFFAOYSA-N	C15H26O3
CC1CC[C@H]2C(C(=O)CC([C@]2(C1)O)OC(C)C)C	141787794	YBSYKEVTENIHFG-RUTHPMLOSA-N	C15H26O3
CC(=CCC/C(=C/CCC(CO)C(=O)OC)/C)C	21631164	HCGCGHAQIMWQBX-UKTHLTGXSA-N	C15H26O3
CC1CCC(C([C@]2(C1CC[C@H]2C(=O)O)C)OC)C	146763576	RPZSYLQVTYBHIE-ILCCRLMOSA-N	C15H26O3
C[C@]12CC[C@@H](C[C@]1(CC(=O)CC2)C)COCOC	102439627	AVNDHIVFKAIEND-CFVMTHIKSA-N	C15H26O3
CCCCC[C@@H](CCC[C@H]1CC=CC(=O)O1)OC	52953250	DHBLYUJYBXTXMF-KBPBESRZSA-N	C15H26O3
CCCCOC(CC)(COC(C)C#C)OC=CC	151144958	MWZPNEDWRKUGNT-UHFFFAOYSA-N	C15H26O3
CC(C)C1CCC(CC1)(CC2CCCO2)C(=O)O	65425295	UVRPQHJBGOAXAQ-UHFFFAOYSA-N	C15H26O3
CCOCC12CC(CC(C1)CC(C2)(C)C(=O)O)C	142520100	NHEJAJOFBMDLNU-UHFFFAOYSA-N	C15H26O3
CC(C)(C)OC(=O)CC1CC2CCCC2C1CO	147515695	FKEIBLMQHINMNQ-UHFFFAOYSA-N	C15H26O3
C1CCCC(CC1)(C2CCOC3(C2)CCOC3)O	79900336	QPNCPUOKXLNOEI-UHFFFAOYSA-N	C15H26O3
C[C@H]1C(=O)CC[C@]2(C1(CC(CC2)C(C)(C)O)O)C	361349	RPYUWFZMGJFEJZ-UZBKSZPOSA-N	C15H26O3
CC(=O)OCC1CCC(=CC1)CCCC(C)(C)O	69101844	LJOWOPNHFCIVIV-UHFFFAOYSA-N	C15H26O3
CCCCCCCC1=C(OC(=C1)C)COCOC	14791762	IVSSNTYVRQRHSS-UHFFFAOYSA-N	C15H26O3
CC(C)C1=C[C@H]2C(CC[C@]2(C)O)[C@@](CC1)(CO)O	10264306	IBEULDMGWROYNC-WIGRTHMWSA-N	C15H26O3
CCOC(=O)/C=C/C1(CC(CCCC1O)(C)C)C	101649563	FIDYTBNSPMNACN-CSKARUKUSA-N	C15H26O3
CCCCOCCOCCO/C=C\1/CCC=CC1	124926062	FYXSVZLVRHJRPC-CCEZHUSRSA-N	C15H26O3
CCC(C)C(O)OC12CC3CC(C1)CC(C3)(C2)O	68078359	OBFXDZSEZFOUPP-UHFFFAOYSA-N	C15H26O3
C[C@@]1(CCC[C@]2([C@@H]3[C@H]1[C@H]([C@]2(C[C@H]3O)C)O)C)CO	98642738	OLWYTMKUCGVHCZ-NGOQWVGTSA-N	C15H26O3
CCOC(=O)/C=C/CCCCCCCCC(=O)C	10467508	WNTHILKZDCSHMN-ACCUITESSA-N	C15H26O3
C1CCC2(CC1)CC(CCO2)C(C(C3CC3)O)O	103456962	HGSXFTAUMBJKKN-UHFFFAOYSA-N	C15H26O3
CCCCC/C=C/CC/C=C/CC(O)OC(=O)C	141516337	DXHBXOIOTQKVIV-NJHWEWLZSA-N	C15H26O3
CCCCCCCC(C(CC#CC(C=C)O)O)O	91077372	XWILOQTWYHPWGL-UHFFFAOYSA-N	C15H26O3
CC1=C2C([C@@H](CC[C@]2(C(CC1O)O)C)C(C)C)O	91596407	OTHADBQYFUYGBF-DWXUHBTGSA-N	C15H26O3
C[C@H]1C[C@H]([C@@H]2[C@H](C1)O/C(=C\CC(C)C)/[C@]2(C)O)O	57332211	FWVGFGUZYPJPGX-SBEIDBRTSA-N	C15H26O3
CCCCCC/C=C/C1[C@@H](CCC1CC(=O)O)O	149367843	YJFCBTSEMFMHCG-ZLIGDSSFSA-N	C15H26O3
CCOC(=O)CC(=O)CCCCCCCCC=C	11470810	QGSCJTGGHBOJMW-UHFFFAOYSA-N	C15H26O3
CC1=C(C(C(CC1)O)(C)C)CCC(C)OC(=O)C	11207542	DFRHQHKOJBIHJJ-UHFFFAOYSA-N	C15H26O3
CCCCCCCCCOC(C1=CC=CO1)OC	89901078	CPKHWBLNEIDHEG-UHFFFAOYSA-N	C15H26O3
C[C@H]1CCC(=O)[C@]2([C@@]1(C[C@@H](CC2)C(C)(C)O)O)C	125113758	GPKYCBKXYDNNOD-JLUCKKNBSA-N	C15H26O3
C[C@]1(CC[C@@]2([C@H]1C[C@H]3CC[C@@]2(OC3(C)C)C)O)O	102519762	XNABOVWXFKMYBK-VEESAYDSSA-N	C15H26O3
CC[C@@]12CCCO[C@H]1C(C3(CC2)OCCO3)(C)C	153302294	DRTRLPUVUWEXCA-JSGCOSHPSA-N	C15H26O3
CCOC(=O)/C=C\C1(CC(CCCC1O)(C)C)C	101649562	FIDYTBNSPMNACN-NTMALXAHSA-N	C15H26O3
C[C@]1(CC2C1CCC(C(CCC2=C)O)(C)O)CO	101512711	LWDUKJKEQNFYDO-IHXHZNKUSA-N	C15H26O3
CCCC(C)C(=O)C1CCOC2(C1)CCOCC2	115784630	FGWAXXVXAYYHGB-UHFFFAOYSA-N	C15H26O3
CC(CCC(C)(C)OC)CC=CC(=CC(=O)O)C	53875016	HFUOCBOQVCFCID-UHFFFAOYSA-N	C15H26O3
CC(C)(C)OC(=O)CC(C)(C)C1CCC(=O)CC1	58381029	WRQAPONAGMRFRN-UHFFFAOYSA-N	C15H26O3
C[C@H]1CC[C@@H]2[C@H]1[C@@H]3[C@@H]([C@@]3(C)CO)C[C@@H]([C@@]2(C)O)O	122211389	WQKJFSBJDMFNLZ-WIDFVHTNSA-N	C15H26O3
CC1(C2CCC(C(C2(CCC1=O)C)CO)(C)O)C	123362713	STOYRCRWFYPQOF-UHFFFAOYSA-N	C15H26O3
CC1CC(CCC1C(=O)CC2CCC(CC2)O)O	145785911	JDCJKPHKFCMBNH-UHFFFAOYSA-N	C15H26O3
CC1CC(CC2(C1)OCC(O2)COCC=C)(C)C	89471844	SFUSMVSPNCAPFC-UHFFFAOYSA-N	C15H26O3
COC1CCCCC1(C2CCOC3(C2)CCC3)O	106873758	AOWSWFUOKYOWGH-UHFFFAOYSA-N	C15H26O3
CCC(=O)CC(=O)OC1CC(CCC1C(C)C)C	68460370	VTHJEEAAMSZNHY-UHFFFAOYSA-N	C15H26O3
CC(CO)C1CCC2C1(CCCC2OC(=O)C)C	21218600	FYONWDIYFMIDDE-UHFFFAOYSA-N	C15H26O3
CC1(C2CC(C1(CC2C(=O)OC(C)(C)C)C)O)C	151134980	MVAHDGPMHDLQDT-UHFFFAOYSA-N	C15H26O3
C[C@@H]1CC[C@H](CC(=O)[C@@H](CCC1=O)C)C(C)(C)O	124790264	LVQQCPAELDRSOD-IJLUTSLNSA-N	C15H26O3
C[C@@H]1CCCC[C@H]1OC(=O)O[C@@H]2CCCC[C@H]2C	89600005	RXXXWFKQCPANHB-AAVRWANBSA-N	C15H26O3
C[C@H]1CCCCCCCC[C@@H](OC(=O)CC1=O)C	101994044	RYJXKIMDJWEWNU-STQMWFEESA-N	C15H26O3
CCC1CC(C2CCC(CC2O1)C)(C)OC(=O)C	132204121	YUCHWGITOWEQTJ-UHFFFAOYSA-N	C15H26O3
CC1CC(CC(C1)(C)C)OCC=C(C)C(=O)OC	77074880	YQAPVLNVWOWGRJ-UHFFFAOYSA-N	C15H26O3
C[C@@H]1CC[C@]2([C@@]3([C@H]1C2(CC[C@H]3C(C)(C)O)C)O)O	101876352	JTTQYAGQVRHCNH-BNDUXJROSA-N	C15H26O3
CCOC1(CC2CC(CC(C1)O2)(C)COC=C)C	148339789	RAMMUXCQBHYGBQ-UHFFFAOYSA-N	C15H26O3
CCC(=O)C(C1CC(CCC1C(C)C)C)C(=O)O	69102533	FCFWLUGGHGAAJJ-UHFFFAOYSA-N	C15H26O3
CC(C)OC(=O)CCC(=O)CCC1CCCCC1	142856439	USCOFEVGLHDAAZ-UHFFFAOYSA-N	C15H26O3
CC1CC=CCC1COC(=O)CCOCC(C)C	78873816	IOSZRJWKVDZNSZ-UHFFFAOYSA-N	C15H26O3
CC1CC=CCC1COCCCC(C)(C)C(=O)O	65260172	FIJHFGKJWFYSQY-UHFFFAOYSA-N	C15H26O3
C[C@@H]1CC[C@@H]2[C@]13[C@H](C[C@@]([C@H](C3O)C2(C)C)(C)O)O	21592315	MJAAGKOVXUZLEQ-FDQGLZLKSA-N	C15H26O3
CCCC(C(=O)O)C1(CCC2(CCCC2)CC1)O	114820108	YLOGDGUONGUCMQ-UHFFFAOYSA-N	C15H26O3
CC(=C)C1(CCC(CC1)C(C)(C)C)OC(=O)OC	24977767	CNBFTTWGGMTUGB-UHFFFAOYSA-N	C15H26O3
C[C@@]12CC[C@H]3[C@](C[C@@H]([C@]3(C1)CC[C@@H]2O)O)(C)CO	52952461	LTRPBYQWIBBJKG-SOAFEQHCSA-N	C15H26O3
CCC1(CCCC1)OC(=O)OC2(CCCC2)CC	89599632	WKAZAUCMOWBEIQ-UHFFFAOYSA-N	C15H26O3
CC(C)C(=O)COC1CC2(C1)CC(C2)OC(C)C	132128770	UBRDFNZXVWEBAI-UHFFFAOYSA-N	C15H26O3
C[C@H](CCC(C=C)O)C(=C)CCC1(OCCO1)C	135039891	HJRYXVNQAZWIEV-PUODRLBUSA-N	C15H26O3
C=CCCCCCOC[C@H]1CCC[C@@H]1CC(=O)O	149242520	XMMGOYHVRFWNPJ-ZIAGYGMSSA-N	C15H26O3
C[C@]12CC[C@H](C[C@]1(CC(=O)CC2)C)COCOC	102439626	AVNDHIVFKAIEND-YUELXQCFSA-N	C15H26O3
CCCCCCC/C=C\C(C)C1(CO1)C(=O)OC	88796303	CEKLUHFCQAMAPJ-KHPPLWFESA-N	C15H26O3
C[C@]12CC[C@@H]3C(CC3(C)C)[C@](O1)(CC[C@H]2O)CO	44566706	HDEDHTVUKLACPT-CMUJWSKESA-N	C15H26O3
CC1CCOC1C(=O)CCCCC2CCOCC2	114193034	TVJVIOFWYGRDBY-UHFFFAOYSA-N	C15H26O3
C[C@@H]1CC[C@@](C=C2[C@@]1(CC[C@]2(C)O)O)(C(C)C)O	46177447	DFBVMUXIWBUJCV-BEAPCOKYSA-N	C15H26O3
CCC1CCC(C1)(CC2(CCCCC2)O)C(=O)O	79428963	VSNSDMGXMYGMGB-UHFFFAOYSA-N	C15H26O3
CC1([C@H](CCC(=C)[C@H]1COC(=O)C(C)(C)C)O)C	11299798	LXFUJHIZDMZWIM-NEPJUHHUSA-N	C15H26O3
CCCCCC/C=C(\COC1CCCCO1)/C=O	50993089	UIPUDJOWCDKHCX-ZROIWOOFSA-N	C15H26O3
CC1OC(O1)CCCC=C(CCC=C(C)C)CO	54274222	RMHDXLXBSDCNEV-UHFFFAOYSA-N	C15H26O3
CC(=O)C1C(OC2(O1)CCCCC2)CC(C)(C)C	59939519	MEPSHCLZOYCHCZ-UHFFFAOYSA-N	C15H26O3
CC(C)CCC1CCCC[C@]1(O)OC(=O)C(=C)C	91231224	KCOICVWYGHJYHH-WUJWULDRSA-N	C15H26O3
CC1(C(OCCO1)(C)CCC2CCC3C(C2)O3)C	151097044	MNIGABKIDANYGY-UHFFFAOYSA-N	C15H26O3
CCC(C)C(=O)OC(C)(C)C1CCC(CC1=O)C	18336255	VOXXQZBPKATJNH-UHFFFAOYSA-N	C15H26O3
CCCCCC(C)(CCCC)C(=O)/C=C\C(=O)O	155010834	XEWRGRUQAFFMQV-KTKRTIGZSA-N	C15H26O3
CC(C)(C)OC(=O)C1CCC2CCC(CC2C1)O	139789049	BRKKIXMBXHPUBR-UHFFFAOYSA-N	C15H26O3
CC=COC(=O)COC1CC(CCC1C(C)C)C	54465456	XEMVSSSUEKNBFE-UHFFFAOYSA-N	C15H26O3
CC(C)C12CCC(CC1)(C(C2)C(=O)OCCO)C	69423212	MXLOMDYBCMDTGA-UHFFFAOYSA-N	C15H26O3
CC(C)/C=C/C(C)OC(C)(C)COC(=O)C1CC1	69302657	DWCCJOJKUDWXGC-VOTSOKGWSA-N	C15H26O3
CC1=C2[C@H]([C@](CC[C@@]2(CC[C@@H]1O)C)(C(C)C)O)O	139205199	XNRRCQLWFXYNAM-ATGSNQNLSA-N	C15H26O3
C[C@H](CC[C@@H]([C@H](C)C=C)OC1CCCCO1)C=O	10879663	LTYNSYILDHUUIK-JKXDFHQYSA-N	C15H26O3
CC(=O)C1CCCC(C1)CCC(=O)OC(C)(C)C	129273069	NLKCLXGLQMICOA-UHFFFAOYSA-N	C15H26O3
C[C@H](C/C=C/C(=O)OCC1CCCCC1)[C@H](C)O	58883215	UVHBVLRQPSMWBQ-QFPXWBCESA-N	C15H26O3
C[C@]12CC[C@H]([C@](C1)(CC[C@@]3([C@@H]2CC3(C)C)O)O)O	53493187	PKSBUYLQJCALRI-NXRJPMIISA-N	C15H26O3
C1CCC(CC1)(CO)C(=O)C2(CCCCC2)CO	70602547	QBNJDGKAJVFNHT-UHFFFAOYSA-N	C15H26O3
C1CCC(CC1)(C(C2CCOC3(C2)CCC3)O)O	103451841	PMBNMLGFYPYEFZ-UHFFFAOYSA-N	C15H26O3
CCC(C)C(=O)OC1C2(CCCCC2)CC(O1)C	57793706	HZQYZISAUJYLOU-UHFFFAOYSA-N	C15H26O3
CC.C/C=C/C(C)C1C(C(=O)C(C(=O)O1)(C)C)C	145515901	XEQJLUBOMGYJRD-UHDJGPCESA-N	C15H26O3
CCOC(C1CC2(CCCC2)CCC1=O)OCC	113638487	ATZUJAPDQTVSBT-UHFFFAOYSA-N	C15H26O3
CC1(C(O1)CC2C(O2)(C)C3CCCCC3(C)O)C	141972273	VMPPPSOMEGRFCJ-UHFFFAOYSA-N	C15H26O3
CCCC(C(=O)C1CCOC2(C1)CCCCC2)O	103453790	ARMVURUTHLUNRN-UHFFFAOYSA-N	C15H26O3
CCC(=O)OCCOC1CCCC1C2CCCC2	140097541	WISYFNNNBJVTOZ-UHFFFAOYSA-N	C15H26O3
CC1=CC[C@]2([C@@H](C[C@]([C@@H]2[C@H](C1)O)(C(C)C)O)O)C	101821176	OCCLLDUHOVGUFR-VYDRJRHOSA-N	C15H26O3
CC1=C2C[C@H](CCC2C(CC1)CO)C(CO)CO	139586132	QKNHVGOUETXLQW-DCBWTQNWSA-N	C15H26O3
C[C@H]1[C@@H]2[C@@H](CC/C(=C/CC[C@@]1(C)O)/C)CC(O2)O	145286500	JWGJEEBNBXJEAE-AWPXNGKNSA-N	C15H26O3
CC1=CC[C@@]2(C[C@H]([C@@]([C@H]2CC1)(C(C)(C)O)O)O)C	148772264	OIQDRCFPGRCOGU-MXYBEHONSA-N	C15H26O3
C[C@]12CCC3(C[C@H]1CCCC[C@H]2OC)OCCO3	44245501	ULDUWJOFQWXSAB-MCIONIFRSA-N	C15H26O3
CC1CCC(CC1)C2CCC(CC2)OOC(=O)C	148557621	MUJIZHXXBSACET-UHFFFAOYSA-N	C15H26O3
C[C@H]1C[C@@H]([C@H](C(=C)[C@]12CC[C@H](C2)C(C)(C)O)O)O	10706140	FAXSKOQAAOOHQZ-SMCRKZLMSA-N	C15H26O3
CCC(C)C1(CCCCC1OC)OC(=O)C(=C)C	58734636	LYKKZPTXCDPLMD-UHFFFAOYSA-N	C15H26O3
CCCCCC[C@H]1C(OC1=O)C[C@@H](CCC=C)O	150158179	FGRMZDNDNMUTII-AMIUJLCOSA-N	C15H26O3
CCCC1(CO1)C(CC)/C=C/C(=O)OC(C)(C)C	102349660	MBEASZSYSMQADM-CMDGGOBGSA-N	C15H26O3
CC1C(CCO1)(CC2CCC3(O2)CCCC3)CO	102902074	LNRGXEPPGJTLMH-UHFFFAOYSA-N	C15H26O3
CCCCC(=C(C(=O)C)C(=O)OCC)CCCC	140224599	DUBAFUQKCKNBPP-UHFFFAOYSA-N	C15H26O3
CCC(CC)C(C(=O)C1CCOC2(C1)CCC2)O	103458326	PRKRQCRVLMPBNA-UHFFFAOYSA-N	C15H26O3
CCC(OC)OC1=CC=C(CC1)O[C@@H](C)C(C)C	148448997	MAVAERXWQIEGJA-SFVWDYPZSA-N	C15H26O3
CCCCCCCC(=O)[C@H]1CCCC[C@@H]1C(=O)O	58253128	VWPDHAWZUSTDBN-STQMWFEESA-N	C15H26O3
CCC.CC=O.C[C@@H](C/C(=C/C=C)/C=C)C(=O)O	153575332	DINWIFVOMAZIKY-HKCGCMADSA-N	C15H26O3
CCOC(C[C@H]1C[C@H]2C[C@@H](C1=O)C2(C)C)OCC	69342389	BNULWOIHYRPPRT-WOPDTQHZSA-N	C15H26O3
CCCCCC(C1CCC(CC1)O)OC(=O)C=C	149477179	ZCNLLVYJLMNOFK-UHFFFAOYSA-N	C15H26O3
CC(=C)C(=O)OCCCCC1CCC(CC1)OC	139896779	OXZGLKIVLRTCQE-UHFFFAOYSA-N	C15H26O3
CCC(C)C(=O)OC(C)(C)C1CCC(O1)(C)C=C	91704731	IRRNLQOHZMKSNA-UHFFFAOYSA-N	C15H26O3
CC(C)(C)C(C(=O)C1CCOC2(C1)CCC2)OC	116709662	FJCWONPTKQEGHW-UHFFFAOYSA-N	C15H26O3
CCCC(=O)[C@H](CC)[C@H]1CC12OCC(CO2)(C)C	135679923	GUFOAVNLUZNUGZ-VXGBXAGGSA-N	C15H26O3
CC(C)[C@@H]1CC[C@]2([C@H]1C=C(C[C@H]([C@@H]2O)O)CO)C	101394431	CVYLVSBETDOPNJ-RMEBNNNOSA-N	C15H26O3
C1CCCC(CCC1)C2(CCCCCOC2=O)O	67854773	IVIIJFDZEUPSLZ-UHFFFAOYSA-N	C15H26O3
C[C@@H]1CC[C@H]([C@@H](C1)O[C@H]2[C@@H](CC(=O)O2)C)C(C)C	14359923	VWBRNNUJLRKZDU-ZHZXCYKASA-N	C15H26O3
CO[C@H]1CC[C@@H]2CC[C@@H]([C@H]3[C@@]2(CCC[C@H]3C1)O)O	10729637	ZLEDAVXYCBILON-IWTMDLJTSA-N	C15H26O3
C[C@@H]1[C@@H]2[C@@H](C[C@@H]3CCCC[C@H]3[C@H]2CO)[C@@H](O1)OC	69957181	KGEKVIZSTNHHRV-CVEQBJKISA-N	C15H26O3
CC(C)[C@@H]1CC[C@]2([C@H](CC[C@](C2C1=O)(C)O)O)C	102376856	ZAOPFHNPAJDKCX-DNWJRNAYSA-N	C15H26O3
COC(=O)C1CCC(CC1)OCCCCCC=C	107005966	BBFHAIZGVBAUCU-UHFFFAOYSA-N	C15H26O3
CCCCC(CC)OC(=O)C1CCC2C(C1)(O2)C	58757535	NGKBYSYOCGTKNV-UHFFFAOYSA-N	C15H26O3
C[C@@H]1CCC(=CC1)C[C@@H]2[C@@H](COC(O2)(C)C)CO	10467510	BKPBWPBHMLLWCL-IACUBPJLSA-N	C15H26O3
C1CC1(CCCC(CCCC2(CC2)C=O)O)CO	153503902	MMIGWAFMWBBUHT-UHFFFAOYSA-N	C15H26O3
C/C/1=C/[C@H](C/C(=C\[C@@H]([C@@H](CC1)[C@@H](C)CO)O)/C)O	101059472	UYYRKGKEJKOKEQ-QKVDVATFSA-N	C15H26O3
CCCCCOC1CCC(CC1)OC(=O)C(=C)C	141143350	PKUMRMVHQARPMZ-UHFFFAOYSA-N	C15H26O3
CC1=CC[C@@H]([C@H]([C@H]1C(=O)C)C(OC)OC)C(C)C	152024283	ULJNJCXOTPYHLV-MGPQQGTHSA-N	C15H26O3
C[C@]12CC[C@@H](C([C@@H]1CCCC23OCCO3)(C)C)O	10912092	OHHWWEHQVYBIRK-OBJOEFQTSA-N	C15H26O3
CCCC(CC1CCC2(O1)CCCCC2)C(=O)O	113750662	OPPWMXDINJVSPK-UHFFFAOYSA-N	C15H26O3
C[C@]12CC[C@H](C1(C)C)C[C@H]2OC(=O)CCCOC	75378897	RHHZHYCZWAQAGT-YWPYICTPSA-N	C15H26O3
CC(C)C1C[C@@]2(C3C(C(C1)(O2)C)OC(O3)(C)C)C	147158773	WRYDQYOFXFPKAY-WINGCZCQSA-N	C15H26O3
C1CC2CC1C(C2CO)CCCCCCC(=O)O	20146479	JSNQOMAKMBGFCF-UHFFFAOYSA-N	C15H26O3
CC1(C(CCCC12CO2)CCCCC(=O)OC)C	141821015	BSVYSGNRNBGIBC-UHFFFAOYSA-N	C15H26O3
C[C@]12CCCC(C1CC[C@H]([C@H]2C(=O)OC)O)(C)C	10515130	PNORERWVNDPBJT-DTXUOIERSA-N	C15H26O3
C[C@@]12CC[C@H]([C@@](C1CCC3(C2)CO3)(C)COC)O	145337299	NQXGDRXMWAKMJI-IUWDBWQKSA-N	C15H26O3
C[C@@H](/C=C/[C@@H]1[C@@](CC[C@]1(C(C)C)O)(C)CC=O)O	21637356	CTUWZQMAWUIHJA-LTTWIPEPSA-N	C15H26O3
CC1=C([C@]2([C@H](CCC([C@@]2(CC1)O)(C)C)O)C)CO	10538897	IGLVPLVSWJGMSI-AEGPPILISA-N	C15H26O3
CC(CC(=O)C1CCOC2(C1)CCCC2)COC	113682793	AQHSPZADZZNINX-UHFFFAOYSA-N	C15H26O3
CC(C)C1=CC2[C@H](CC[C@@]2(C)O)[C@@](CC1)(CO)O	10264305	IBEULDMGWROYNC-LJKOUDNXSA-N	C15H26O3
C[C@H](C(C(C)(C)CC=C)OC)C(=O)C(C)(C)C=O	59990587	KOJFMZPTLNXJGW-AMGKYWFPSA-N	C15H26O3
C[C@H]1[C@H](C[C@@H](C2=CC[C@@H](C[C@@]12C)C(C)(C)O)O)O	139591005	OTYLTSXSAIKBHG-ZCZIKAACSA-N	C15H26O3
CCCC1CC(C2CC[C@H](C[C@H]2O1)C)OC(=O)C	132204135	WHCIPQPWDZVGHD-DPJXJYCLSA-N	C15H26O3
CCC(CO)(COC(=O)C(=CC)C)C1CCCC1	57316972	KOWAVIASNFSIEL-UHFFFAOYSA-N	C15H26O3
CCC1CCC(C1)(CC2CCC(O2)(C)C)C(=O)O	116525025	SVDNESAYJOYZNI-UHFFFAOYSA-N	C15H26O3
C[C@@]12CC[C@H](C[C@H]1C(=C)[C@@H]([C@@H](C2)O)O)C(C)(C)O	122401307	WKKFDXZIMBDJJO-JYKNGBAOSA-N	C15H26O3
C[C@@]12CCCC[C@@]1(C[C@@H](CC2)C(C)(C(=O)O)O)C	151272403	NWQNAGMEGHGFRA-BMGQEUAGSA-N	C15H26O3
CC1=C([C@@]2(CCCC([C@@H]2[C@@H]([C@@H]1O)O)(C)C)C)CO	93326853	SQUSSQHYJYXURV-CXTNEJHOSA-N	C15H26O3
CC(=C)C(=O)OC1(CCC(CC1)OC)C(C)(C)C	135225182	BRBDNXUAOROXRE-UHFFFAOYSA-N	C15H26O3
CCOC(=O)CCCCCC(=O)CCC=C(C)C	71388435	IOYWFXRLRAGHSR-UHFFFAOYSA-N	C15H26O3
CCCCCC1C(CCC1=O)CC(=O)OCCC	11184378	IPDFPNNPBMREIF-UHFFFAOYSA-N	C15H26O3
CC(C)CCCC1CCC(C1OC(=O)C(=C)C)O	151198707	NHWFPFFZRLZHIG-UHFFFAOYSA-N	C15H26O3
CC(C)C\1CCC(=C)[C@H](CC[C@@](/C=C1)(C)O)OO	23426592	IYQPDCHHTWJQQK-ZSRTXXCZSA-N	C15H26O3
CC1CCC2C(C1)O2.CC1CC(CCC1O)C=O	141922045	RLJQLUIUUIBRQA-UHFFFAOYSA-N	C15H26O3
CCCCCC1=CC(=O)C(C(C1)O)(CCCC)O	135309165	ALCNISMAPUICJI-UHFFFAOYSA-N	C15H26O3
C[C@H](CO)[C@H]1CC[C@@H]2[C@@]1(CCC[C@@H]2OC(=O)C)C	59910680	FYONWDIYFMIDDE-JSFFLRCESA-N	C15H26O3
C1CCCC(CCC1)OC(=O)OC2CCCCC2	153954730	HGIMYUKYJNHYNV-UHFFFAOYSA-N	C15H26O3
CC1CCC(C(C1)OCC(=CC(=O)O)C)C(C)C	77005569	RPJOUELIRMNWED-UHFFFAOYSA-N	C15H26O3
C[C@H](CO)[C@@H]1CC[C@]2([C@@H](CCC(=C)C2[C@H]1O)O)C	101063924	UQYJFDGQBNCHHB-OQFGHLLHSA-N	C15H26O3
COC(=C)C1CCC(CC1)C(=C)OCCCCO	147400161	SSAKZFUVIYWVIZ-UHFFFAOYSA-N	C15H26O3
C1CCCC(CC1)(CC2(CCCCC2)O)C(=O)O	79429226	AMLOFFQLPIKSPQ-UHFFFAOYSA-N	C15H26O3
CC(=C)C(CC/C(=C/COC1CCCCO1)/C)O	10956120	RAZWNLDUHJSHDG-UKTHLTGXSA-N	C15H26O3
CCCC(C(=CC(=O)OCC)C1CCCCC1)O	10256750	GEJHDTXYCIGRSI-UHFFFAOYSA-N	C15H26O3
CC1CCC(C(C1)OC(=O)C2CC2CO)C(C)C	23073777	WKEMTCDXRDGGFG-UHFFFAOYSA-N	C15H26O3
C1CCCC(=O)CCCCOCCC2C(O2)CC1	141007249	XFDVQVFCUUDLMW-UHFFFAOYSA-N	C15H26O3
CC12CCC(CC1O2)CCCCCCCC(=O)O	59720763	FQYYBGKKZDPSKB-UHFFFAOYSA-N	C15H26O3
CC(C)[C@@H]1CCC(=C)[C@@H](CC[C@]2([C@@H]([C@@H]1O)O2)C)O	10610977	BLDFJCQBBCUILK-JARUQAPTSA-N	C15H26O3
C[C@@H]1CC[C@H]([C@@]2([C@H]1CC[C@@]3([C@H]2O3)C)O)[C@@H](C)CO	21575632	XYSPKAIJKBSRBB-JPVAKHQASA-N	C15H26O3
COC1CCCC(C1)C(=O)C2CCCC(C2)OC	140500149	IUOAOJWMYZAMGF-UHFFFAOYSA-N	C15H26O3
CCOC(=O)C1CCC(OC1)C2CCC(CC2)C	143335172	WCPUVPNKCPGXIX-UHFFFAOYSA-N	C15H26O3
C[C@]1(CC[C@@]23C[C@@H]1C([C@@H]2CC[C@]3(CO)O)(C)C)O	101113777	PBRLZIJNPVDKNU-PWRGDLIESA-N	C15H26O3
CCCCCC12CC3(CC(C1)(CC(C2)(C3)O)O)O	139994714	LVLAPMJOGIYLGB-UHFFFAOYSA-N	C15H26O3
CCCCC(CCCC)(C(=O)C)C(=O)CC(=O)C	118597295	XQIROCBKUIPKFE-UHFFFAOYSA-N	C15H26O3
CCC(CCOC(=O)C(=C)CC(C)C)(CC=C)O	135279596	ZOCWLVDCWWBSMU-UHFFFAOYSA-N	C15H26O3
CC1C(=O)OCCCCCCCCCC=CCO1	77756098	UVWAASIVTQGFCL-UHFFFAOYSA-N	C15H26O3
CC(=O)OCCCC(C=O)C1CCCC(C1)(C)C	155227646	PLNHMUGXTKSLGK-UHFFFAOYSA-N	C15H26O3
CC(C)([C@@H](CC=C)OC)C(=O)C[C@@H](CCC=C)O	25105094	SNDUGLKJZPXEKG-TZMCWYRMSA-N	C15H26O3
C[C@H]1CC(=O)CCCCCCCCC(=O)O[C@@H]1C	11097141	DHQBHKDDDXAEAU-QWHCGFSZSA-N	C15H26O3
CC(=O)C(CCO)CC1CCC2(O1)CCCCC2	103343936	QRTXMCOGLXTBKN-UHFFFAOYSA-N	C15H26O3
CCOC1(CCCCCC1)C(C2=CCCCO2)O	102654919	BDGLLLVEDZHDBP-UHFFFAOYSA-N	C15H26O3
CCCCC[C@@H](CCC[C@@H]1CC=CC(=O)O1)OC	52953252	DHBLYUJYBXTXMF-UONOGXRCSA-N	C15H26O3
CCC(C)C1(CCCCC1OCC)OC(=O)C=C	58734828	PXRWGRYFTJYCJV-UHFFFAOYSA-N	C15H26O3
CC=C(C)C.C/C=C(\C)/C(=O)CCCC(=O)OC	143526542	HWESXOBFOMQAPG-ZFXMFRGYSA-N	C15H26O3
CC1(CCC(O1)CC2(CCOC2C3CC3)CO)C	116525157	ZSDDMWGQCXMUMI-UHFFFAOYSA-N	C15H26O3
CCC[C@](C)(CCC[C@](C)(C#C)OC(=O)C)OC	125500734	UHPZMZJBVVUHGA-LSDHHAIUSA-N	C15H26O3
CC.CC.CC1=CC=C(C2=CC=CC=C12)O.O.O	144892175	ODPNIKVUFMWMST-UHFFFAOYSA-N	C15H26O3
CC(C)CCC1C(O1)(C)[C@H]2[C@@H](CCC23CO3)OC	148018545	JAGCYNWVQJBMTL-VRXDPGPUSA-N	C15H26O3
C1CCOC(C1)OCCCC23CCC(C2)(CC3)O	117602372	ZJJAUWZLBCYCDB-UHFFFAOYSA-N	C15H26O3
C[C@@H]1CC([C@@H]2[C@]13CC[C@@]([C@H](C3)C2(C)C)(C)O)(O)O	129670996	LXYSQPRYBBZGBU-BLUODKFWSA-N	C15H26O3
CCC(CC)(CC1CCC2(O1)CCCC2)C(=O)O	102899310	PYGUMPUOYPODJX-UHFFFAOYSA-N	C15H26O3
C[C@@H]1[C@@H](CC[C@@]23[C@]1(C[C@@](CC2)(C(O3)(C)C)O)C)O	15405967	RTGWKTWTFTYIBW-MFHWUAJNSA-N	C15H26O3
C[C@]12C[C@H]([C@H](C[C@H]3C1CC[C@H]3CO)C(O2)(C)C)O	102173305	QYJHNZNMWDPTQF-LPNQBWLWSA-N	C15H26O3
C1CCCCCC2C3CC(CCCC1)OC(O2)O3	146602872	KUYKAWULIHQKNE-UHFFFAOYSA-N	C15H26O3
CCCCCCCO[C@H]1[C@@H]2CC[C@H]([C@@H]1CC=O)O2	88689718	QLVYLSKHSRJJSJ-LJISPDSOSA-N	C15H26O3
CCOC1(CCOCC1)C(=O)CC2CCCCC2	113560068	IXBJKDZLTRTOGS-UHFFFAOYSA-N	C15H26O3
C[C@H]1C(=O)CC[C@]2([C@@]1(C[C@H](CC2)C(C)(C)O)O)C	90662321	RPYUWFZMGJFEJZ-GVARAGBVSA-N	C15H26O3
CC(=O)C1CCC(CC1)(COC)C(=O)C(C)(C)C	118217510	ZYFVEIMQSRRDOF-UHFFFAOYSA-N	C15H26O3
CC(C)C=CC(C)OC(C)(C)COC(=O)C1CC1	68452210	DWCCJOJKUDWXGC-UHFFFAOYSA-N	C15H26O3
CC(CCCC(=CC(=O)O)C)CCC1CCCO1	129727749	SVVFBIFFEVDBPV-UHFFFAOYSA-N	C15H26O3
CC1CCC(CC1)[C@@](C2CCCCC2)(C(=O)O)O	92139529	QZHULXMRSZMOEF-HGMXIMQMSA-N	C15H26O3
CCOC(=O)[C@@H]1CCCCCCCCCCC1=O	92237000	ZFGBLKFUXOMVBB-CYBMUJFWSA-N	C15H26O3
C[C@@H]1C[C@@H]([C@@H]2[C@@H]1[C@H]3[C@H]([C@]3(C)CO)CC[C@@]2(C)O)O	101636131	DDVAVJSIHXELQF-RZULFSQCSA-N	C15H26O3
CCCCCCCC(=O)CCCOC(=O)C(=C)C	58107933	SIXIEZRXLAXWIB-UHFFFAOYSA-N	C15H26O3
CCCCC(CCCC)(COC(=O)C(=C)C)C=O	139810612	VXVLHQJEHZZPPH-UHFFFAOYSA-N	C15H26O3
CCCC1CCC(CC1)CCC(C(=O)C)C(=O)O	142651191	ILCDASXBAVFXMC-UHFFFAOYSA-N	C15H26O3
CC(=C)COC1CC([C@@H]([C@H]1CC=C)COC)OC	69753698	ZJZVQPSVJMCHFN-LMRVLLHPSA-N	C15H26O3
C1CCC(C1)(CCCCC2CCOCC2)C(=O)O	114191579	LMECXEWEXMJESO-UHFFFAOYSA-N	C15H26O3
C[C@H](COC(=O)C)[C@H]1CCC2[C@@]1(CCCC2O)C	57599559	MYZVVUWAOHSWRF-PRCNCGMYSA-N	C15H26O3
CCCC1(C2(O1)CCCC(C2)CC)C(=O)OCC	83047089	RJGQEXPYFKAISR-UHFFFAOYSA-N	C15H26O3
CC(C)CC(=O)OC(C)(CCC1C(O1)(C)C)C=C	154116597	SQEZAVWUNZOQQI-UHFFFAOYSA-N	C15H26O3
CC1CCC(CC1)[C@](C2CCCCC2)(C(=O)O)O	92139530	QZHULXMRSZMOEF-ABIUDSBCSA-N	C15H26O3
C/C(=C/CCC(C)(C=C)O)/CCC(=O)C(C)(C)O	23844092	WWEQACPSSWTJIU-WQLSENKSSA-N	C15H26O3
CCCC(=O)C(=O)OCC[C@H](C)CCC=C(C)C	101067838	ITONWBLTESQENH-CYBMUJFWSA-N	C15H26O3
C/C(=C\CO[C@@H]1CCCCO1)/CC[C@@H]2C(O2)(C)C	92526235	FMBZWMIOKDYASM-DBLGQFABSA-N	C15H26O3
CC1([C@@H]2CCC3(CC2(CCC1O)C)OCCO3)C	148411239	LTTFADDJRFISMC-DCBWTQNWSA-N	C15H26O3
CC(C1CCCOCC(=C)C1)C(=O)OC(C)(C)C	123736025	QBDUPLXKTBHHCN-UHFFFAOYSA-N	C15H26O3
CCC1CCC(CC1)(CC2CCCCO2)C(=O)O	79428830	RAGQYKYPGGBTCY-UHFFFAOYSA-N	C15H26O3
CC(C)[C@]1([C@@H]2CC[C@@]3([C@@H](O3)C[C@]2(C[C@@H]1O)C)C)O	21606643	KZIYMGXPOZNBKF-YXJLRHLOSA-N	C15H26O3
CCCCCCC=CCC(=O)[C@H](CCC)C(=O)O	150313430	GMCJONCPYMYOKM-ZDUSSCGKSA-N	C15H26O3
CCCCCCC/C(=C\1/CCCO1)/C(=O)OCC	11334289	NEUCSDQWVQVOTD-BUHFOSPRSA-N	C15H26O3
CC(C)[C@@H]1CC[C@@]2([C@@H](C1)[C@](CC3[C@]2(O3)O)(C)O)C	91158401	DJVAMBYGGOYNEY-BDKZPBHDSA-N	C15H26O3
CC(C)C1=CC[C@@H]([C@]12CC[C@@](C[C@H]2O)(C)O)CO	127042636	SVBLOKQYBRSMBM-NMFUWQPSSA-N	C15H26O3
C[C@H]1CC[C@@H](C(=C2[C@H]1C[C@@](C2)(C)CO)CO)CO	23643842	OVEMDSHJDSVUAE-OZTPJHRESA-N	C15H26O3
CCC(=O)OCCCCCC1CCC2(C(C1)O2)C	59720745	LPMQTQRJRCMBPW-UHFFFAOYSA-N	C15H26O3
CCC[C@@]12CCOCCOC[C@]1(CCCC2=O)C	149288886	XULFTDYIJOXORZ-CABCVRRESA-N	C15H26O3
CCCCOC1CC2(C1)CCC3(CC2)OCCO3	118288551	MAUNKSWDHPEHSI-UHFFFAOYSA-N	C15H26O3
COC(C1CCCCC1)C(=O)CC2CCOCC2	116750966	GYCGTVKQCQVDAU-UHFFFAOYSA-N	C15H26O3
C[C@]12CCC[C@@](C1[C@H]3[C@H](C3(C)C)[C@H]([C@H]2O)O)(C)O	101175297	UUNJWBKYYKWZPR-VGOBILJESA-N	C15H26O3
CC(C=CC=CCCCCCCCC(=O)OC)O	129706203	UVUCGAGCEWPRIF-UHFFFAOYSA-N	C15H26O3
C[C@H]1CC[C@H]([C@]12CC=C([C@@H](C2)O)CO)C(C)(C)O	101563034	ULENATIGOBXXET-QJZXMWHDSA-N	C15H26O3
CCCCCC1C(CCC1=O)C(CCC)C(=O)O	67748619	QXTQQTROWMGLDS-UHFFFAOYSA-N	C15H26O3
CCC(=O)C(C)(CC)[C@@H]1CCOC2(O1)CCCC2	70292740	RKLZJZPFNUTNNC-LSLKUGRBSA-N	C15H26O3
C1CCC(CC1)(CCO)C/C=C\CCCC(=O)O	67688476	IHOHJUWFODTFLS-DJWKRKHSSA-N	C15H26O3
C[C@@]12CC(C(C=C1CCC[C@H]2OC(C)(C)C)O)O	101085883	KDRXCWXFTDEYIW-UJFKTDLFSA-N	C15H26O3
CC(C)[C@@H]1CC(OC1O)[C@@]2(CC3[C@@H]2CCCC3)O	148145830	JXUNWRIWLRYUDM-QIJXYBCLSA-N	C15H26O3
CCCCCC1=CC(=O)[C@@]([C@@H](C1)O)(CCCC)O	140936759	ALCNISMAPUICJI-HUUCEWRRSA-N	C15H26O3
CCOCC(C)OC1CC(=O)C12CCCCCC2	103491283	HZDOEVWYENKVLO-UHFFFAOYSA-N	C15H26O3
CC(/C=C(\C)/CC1(COC(OC1)(C)C)CC=C)O	101234480	MINFHFBOBONLBX-XYOKQWHBSA-N	C15H26O3
C=CCOC(=O)CCCCCCCCCOC=C	10244058	GPIJLZJBPSWQIK-UHFFFAOYSA-N	C15H26O3
C[C@@H]1CC[C@H](C2(C1)OCC[C@H](O2)CC=O)C(C)C	11230561	GMSCIVIWQZKLDN-JKXDFHQYSA-N	C15H26O3
CCC[C@@H](C=C)[C@H](CCC)C(=O)C(=O)OC(C)C	102021709	CTJLPQVEINPNDJ-OLZOCXBDSA-N	C15H26O3
C/C(=C\CCC(=O)C)/CC/C=C(\C)/COCOC	15237478	MKKBUCAMYKBPNY-UQNWOCKMSA-N	C15H26O3
CCC1C(C(C(C(O1)OCCOCC#C)C)C)C	121288690	VOJUWEAOFOMKKP-UHFFFAOYSA-N	C15H26O3
CCCCCCCCCC(=O)CC(=O)OCC=C	91528637	YAUSMPOKBUHKMV-UHFFFAOYSA-N	C15H26O3
CCOC(C)(C)C(=O)C1CCOC2(C1)CCCC2	116710337	XKYPWTGHLXZHDU-UHFFFAOYSA-N	C15H26O3
C1CCC(CC1)C(=O)CCC2C(CCCC2O)O	141531633	ULUFEWSJNCZWSH-UHFFFAOYSA-N	C15H26O3
C[C@H]1C/C=C\C[C@@H](OC(=O)CCC[C@@H]1O)C(C)C	140658614	UABLBQQGGCNTFK-SEDMMIDLSA-N	C15H26O3
CC(C)C(C(=O)C1CCOC2(C1)CCCCC2)O	103455164	LPQWNVKURBIMIR-UHFFFAOYSA-N	C15H26O3
CCC(C)C(=O)OCOC1C2CCC(C2)C1(C)C	59445799	NQAFOOJXHVZSQV-UHFFFAOYSA-N	C15H26O3
CC/C=C\C(=C(/CCCC(C)C(=O)C)\O)\OCC	142274283	REHZFHIVKARNQW-YPLRCFCBSA-N	C15H26O3
CC1CCCCC1OC(=O)OC2CCCCC2C	89599790	RXXXWFKQCPANHB-UHFFFAOYSA-N	C15H26O3
CC(=CCC/C(=C/C(=O)OCC(C)(C)CO)/C)C	137492302	GUBIRLWWTJHOLN-UKTHLTGXSA-N	C15H26O3
CCC(COCC=C)(COCC=C)COCC=C	69628	JPTSCQGFFOSLQE-UHFFFAOYSA-N	C15H26O3
CC/C=C/CCCC(=O)CCCCCC(=O)OC	56935977	VXYDRFPPIDYAPI-SNAWJCMRSA-N	C15H26O3
CC.CCC(COC1=CC=CC=C1OC(C)C)O	144307316	RYESPCJVIKVHKQ-UHFFFAOYSA-N	C15H26O3
CCC(C)C(=O)OC(C)(C)C1CCC(C(=O)C1)C	147076377	BGAUDZIWOUKKRH-UHFFFAOYSA-N	C15H26O3
CCOC(=O)[C@@H]1[C@H](CC[C@]1(C)O)/C=C/C(C)(C)C	102588820	NTFGJEHXMSFOJD-QIFKGNIRSA-N	C15H26O3
CC.CC.CC1=C(C=CC(=C1)C(=O)OC)CCO	144890613	MFNUYZGXUMBJNX-UHFFFAOYSA-N	C15H26O3
CCCCCCC1C(OC1=O)C[C@H](CCC=C)O	88466219	FGRMZDNDNMUTII-HSBZDZAISA-N	C15H26O3
CC.CCC.COCC1COC2=CC=CC=C2O1	142981178	UAXKIZKXLIDCBM-UHFFFAOYSA-N	C15H26O3
C[C@@H]1CC[C@]23[C@H]1[C@H]([C@@H]([C@]2(CC([C@H]3O)(C)C)C)O)O	132609426	BHPMVDSFRUZNPO-FHISBMPRSA-N	C15H26O3
CCCCCCC1C2C(O2)C(CC1(C)C(=O)O)C	151921249	SWURDTAXCTYSRF-UHFFFAOYSA-N	C15H26O3
CCCCCCCCCC1(C(=C(C(=O)O1)C)C)O	328793	YBTZGFKZNYQLML-UHFFFAOYSA-N	C15H26O3
CC1(C[C@@]2(C[C@H]3[C@H]1[C@@H]2CCC[C@@]3(CO)O)CO)C	139586557	VGJWMAWBVUWZGM-QIRZIZBZSA-N	C15H26O3
CC1CCCCCCCCCC(=O)C(C(=O)O1)C	10422459	HEJTYYXLNPTUPO-UHFFFAOYSA-N	C15H26O3
CCCCCOC(=O)C1(C2(O1)CCCCC2)CC	89581984	RNTHOVBXFZRJTN-UHFFFAOYSA-N	C15H26O3
CC1CC(CC(C1C)C)OCCOC(=O)C(=C)C	139688734	GBYHPGBGBLJHJI-UHFFFAOYSA-N	C15H26O3
CCCCO[C@H]1C[C@]1(C(=C)C(C)(C)C)C(=O)OC	101668843	XVLPIWBEAUSZKL-SWLSCSKDSA-N	C15H26O3
CC.CC1CCC(=CC1=O)CCC2OCCCO2	142558036	KELONPKDPUSDBZ-UHFFFAOYSA-N	C15H26O3
CCOC(C1CC1)C(C2CCOC3(C2)CCC3)O	116712897	KDLYXZSFGSQEMF-UHFFFAOYSA-N	C15H26O3
CCCCC(C(=O)C1CCCCCC1)C(=O)OC	80047535	UWBPNRAMZZOTSL-UHFFFAOYSA-N	C15H26O3
CCCOC(=O)CCC(=O)C1CCCC(C1)CC	19784750	XVTCAOAECVDHJU-UHFFFAOYSA-N	C15H26O3
CC1=CCCC(C1C=CC(C)O)(C)C.CC(=O)O	71403118	PUZMURDVFSPDCY-UHFFFAOYSA-N	C15H26O3
CCC1=CCCC(C1OC(=O)OCC(C)C)(C)C	70520708	XUVVSEPTPZQENG-UHFFFAOYSA-N	C15H26O3
C1CCC(C1)CCOC2CCC3(CC2)OCCO3	114191234	CNZJBSXHCCPCTJ-UHFFFAOYSA-N	C15H26O3
CC1C(CCC1O)C2CCOC3(C2)CCOCC3	79923658	BBXVIYFVBPCOBA-UHFFFAOYSA-N	C15H26O3
CCOC(=O)CCCCCCC(=O)C1CCCC1	24727435	RPDSEVOOZBEPIK-UHFFFAOYSA-N	C15H26O3
CCC(=CCOC1CCC(CC1)(C)C)C(=O)OC	113569365	JZHQLZJTAMUDAF-UHFFFAOYSA-N	C15H26O3
CCCCCCC[C@H]1[C@@H]2[C@@H](CCCO2)OCC1=O	10890463	PDYIFVYNSNFPBZ-BPLDGKMQSA-N	C15H26O3
CCCCC[C@H]1[C@H](O1)C/C=C\CCCC(=O)OC	11817662	VVKUXGTZLNSGAJ-UIKBEFBESA-N	C15H26O3
C(CCCC(=O)O)CCC#CCCCCCCO	21631792	SYNZNJPXKHHNMQ-UHFFFAOYSA-N	C15H26O3
CC(C)(C)C(=O)CCC1CCOC2(C1)CCOC2	79922697	JDRXOCVRFQWRNV-UHFFFAOYSA-N	C15H26O3
CCCC(CC(C)(C)C)C(=O)OC1CCC(=O)C1	17819793	QJLFAPCQBQDXLG-UHFFFAOYSA-N	C15H26O3
CC(C)(C)C(=O)CCC(=O)CCC(=O)C(C)(C)C	147027077	AWWCDGKGFCPRCZ-UHFFFAOYSA-N	C15H26O3
C[C@]1(CC[C@H]([C@@]2(CCCC(C2=C1)(C)C)C)O)OO	10879665	OJHMQSCAAKMCMD-BPLDGKMQSA-N	C15H26O3
C[C@@H]1CC[C@H]([C@H]([C@H]1CCC(=O)C)C(=O)O)C(C)C	21631220	LAOLWGDQMHEVEJ-VZZFWQQMSA-N	C15H26O3
CCCCCCCOC(=O)C1CCC2C(C1)(O2)C	151619802	QOGNWXPBIXTIAO-UHFFFAOYSA-N	C15H26O3
CC(C)CCCC1CCC2C(C1)OCC(=O)CO2	148188881	LJHOGVRWTMORSO-UHFFFAOYSA-N	C15H26O3
CC(C)CCOC1(CCCCC1)OC(=O)C(=C)C	68734121	BEXXKXOYXLVCAU-UHFFFAOYSA-N	C15H26O3
C1CCCOC(=O)OCCCCCCC=CCC1	54029957	LEWLRBIPTSPWDJ-UHFFFAOYSA-N	C15H26O3
C[C@@]12CCC[C@]([C@@]13C[C@@H](CC2)C(O3)(C)C)(CO)O	102236894	CXZRVNIAJUSHRO-FAAHXZRKSA-N	C15H26O3
CCCCC(CC)COC(=O)C(=CCC1CO1)C	141359807	GZOJZZDDOYMWAX-UHFFFAOYSA-N	C15H26O3
CCC(CC)(C1CCOC2(C1)CCCC2)C(=O)O	79899693	SRRTWZNUTJYTJG-UHFFFAOYSA-N	C15H26O3
C[C@]12CC[C@H]([C@]1(C)CCC=C(CO)CO)C[C@H]2O	15976353	LXJAYIDTHSGGSL-LJISPDSOSA-N	C15H26O3
CCCCC1CC(=O)CC1CC(=O)OCCCC	22931549	ULVOGDPNRMLPGY-UHFFFAOYSA-N	C15H26O3
CC(CO)[C@@H]1CC[C@@H]2[C@@]1(CCC[C@@H]2OC(=O)C)C	69910257	FYONWDIYFMIDDE-QTUCTTLBSA-N	C15H26O3
CC(CCCC(C)(C)O)/C=C/C(=C/C(=O)OC)/C	21522020	FJEXZWDZLOTGHL-VKTMSVCMSA-N	C15H26O3
CCCCC1CCC(CC1)C(=O)CC(=O)OCC	82201625	SSQJPVITNURSDE-UHFFFAOYSA-N	C15H26O3
CC(C)(C)OC(=O)C(=CC1CCCC1)CCOC	90888264	RIYYXKNMGGEPQE-UHFFFAOYSA-N	C15H26O3
CCCCCCOC(=O)C1(C2(O1)CCCC2)CC	89581041	RBKMRSXBOBCTJG-UHFFFAOYSA-N	C15H26O3
C1CCC(CC1)OCCC(=O)OC2CCCCC2	12447300	FEYSRGBFHRHMRO-UHFFFAOYSA-N	C15H26O3
CCC(C)(C)C(=O)OCC1CC2CC(C1C2)CO	89707451	JSJDEWNHMSUUIT-UHFFFAOYSA-N	C15H26O3
CCCCCC(=O)[C@H]1CC[C@@](C1(C)C)(C)C(=O)O	59079958	NETUEZQFHRNAJL-ABAIWWIYSA-N	C15H26O3
C[C@@H]1CCC[C@H]2[C@]1([C@@H]([C@@H](CC2=O)O)C(C)(C)O)C	192979	KBZZCZVNJIPDTQ-TUJOMHJISA-N	C15H26O3
CC(C)(CCC=C)OC(=O)OC(C)(C)CCC=C	57318900	MEZSITHIVWZLIZ-UHFFFAOYSA-N	C15H26O3
CC(C)(C)C(=O)OC1CCCC1C2(CCCC2)O	90362021	IFZPGNFGGPRXAB-UHFFFAOYSA-N	C15H26O3
CCCC[C@]12C[C@@H](C[C@](O1)(COC2)CC=C)OC	102299671	GRIAUQVTQHOOKT-QLFBSQMISA-N	C15H26O3
CCCC1(C2(O1)CCCC(C2C)C)C(=O)OCC	83047090	JNQSHWSTLCAWHP-UHFFFAOYSA-N	C15H26O3
C/C=C/CCC(=O)C(C)(C)[C@@H]1CCOC(O1)(C)C	69991008	XFIVZCSQNJVIFS-YBJDMEARSA-N	C15H26O3
C/C/1=C/CC[C@]2([C@@H](O2)[C@@H]([C@@H](CC1)[C@H](C)CO)O)C	102410869	IYHSSGONTDDMMU-RKTWPHFOSA-N	C15H26O3
C[C@@]12CCCC(=C)[C@@]1(C[C@H]([C@H](C2)O)C(C)(C)O)O	11242253	XGPONYNKAOFSGR-PAPYEOQZSA-N	C15H26O3
CC1C(C(C1=O)(C)C)C.CC1C(C1(C)C)C(=O)O	54011071	KSJQTPBDIQRUHH-UHFFFAOYSA-N	C15H26O3
CCC=C(C)C(C)OC(C)(C)COC(=O)C1CC1	68108866	KAKHECSVULLVRX-UHFFFAOYSA-N	C15H26O3
COCC1(COC12CCCCO2)C3CCCCC3	86682661	ATVNPHHRTWGPBD-UHFFFAOYSA-N	C15H26O3
C[C@@H]([C@@H]1CC[C@@H]2[C@@]1(CCCC2=O)C)C(OC)OC	124640108	FXUVMZRJUQLXGF-JUFZMCDQSA-N	C15H26O3
CC/C=C\CCCOC(=O)OCCC/C=C\CC	87186021	YWAAVRZSUNVVRQ-SFECMWDFSA-N	C15H26O3
CC1CC(C2[C@@H]1C[C@H]3C(C[C@@]2(OC3(C)C)C)O)O	146034334	HMTVXYYWICMXMY-FRKHEAIVSA-N	C15H26O3
CCCCCC/C=C/C1(CC[C@@H](C1)O)C(C=O)O	88808046	ZZONRGXZBIBYKZ-OJYVZEEVSA-N	C15H26O3
C[C@@H]1C[C@@H](C[C@]2([C@H]1C(=O)[C@@H](CC2)C(C)(C)O)C)O	129460287	DIDZMOYZGJUXCV-IXRFVVGDSA-N	C15H26O3
CC1C(=O)OCCCCCCCCC/C=C/CO1	69992795	UVWAASIVTQGFCL-CSKARUKUSA-N	C15H26O3
C[C@H](CC(/C=C(/C)\CO)O)[C@@H]1CC[C@@](C=C1)(C)O	146683365	MTNSZYGCSBZUGD-KDUVGBSDSA-N	C15H26O3
CCCCCC1C(=O)CCCCC(=O)C(O1)CC	11032439	SRRHWXLMHLPSII-UHFFFAOYSA-N	C15H26O3
CCC.CCCOC(=O)CC.C1=CC=C(C=C1)O	145115569	MLFGKYUFQXKLCZ-UHFFFAOYSA-N	C15H26O3
C[C@]1(CCCC1(C)C)[C@H]2C[C@H]([C@@]([C@@H]3[C@H]2O3)(C)O)O	10923089	WKPUMUUKOQIOFA-FIPALRBNSA-N	C15H26O3
CC1CC2CCCC1(CC2)COC(CC=O)OC	143934875	NMLKDJZRJLUMJX-UHFFFAOYSA-N	C15H26O3
C[C@H]1CC[C@]2([C@H](CC[C@H]([C@@H]2C1=O)C(C)(C)O)C)O	124430821	VPXCQYIVSHGBLO-HHHUMZEGSA-N	C15H26O3
CC(CO)(CO)COC12CC3CC(C1)CC(C3)C2	68926823	RZCVWTNOQRXYTB-UHFFFAOYSA-N	C15H26O3
CC(C)(C)[C@H](CC(=O)CCCCC=C)C(=O)OC	58128109	GJIXKMSFXPSBNJ-CYBMUJFWSA-N	C15H26O3
COC1(CCC1)C(=O)CCCCC2CCOCC2	114191950	JJLBEJUGMIKNHN-UHFFFAOYSA-N	C15H26O3
C/C/1=C/CC[C@]2([C@@H](O2)[C@@H]([C@@H]([C@@H](C1)O)C(C)C)O)C	97548367	ZLJPGLNKPXPCBJ-LUHNDRNXSA-N	C15H26O3
CC(CC(=O)O)C(=O)C1CCC(CC1)C(C)(C)C	113428558	FRJNWKZDISOHSW-UHFFFAOYSA-N	C15H26O3
CC(C)(C)C(=O)CC1CCOC2(C1)CCOCC2	79894031	FJEXJYSIRQLHIO-UHFFFAOYSA-N	C15H26O3
CC(C)C1CCC(CC1)(CC2CCOC2)C(=O)O	79429047	NTFALIVCILXKFN-UHFFFAOYSA-N	C15H26O3
CCC(C)C(C12CC3CC(C1)CC(C3)(C2)O)OO	20580307	ASBDWPQJCXIJQP-UHFFFAOYSA-N	C15H26O3
C1CCC(CC1)(CC(CC2CCCC2)O)C(=O)O	113782445	YFESTJIFHOGLTB-UHFFFAOYSA-N	C15H26O3
CC(C)(C)OC=CC1CC(C(C1CO)CO)C=C	123558745	PTQCYRHCXAOMCP-UHFFFAOYSA-N	C15H26O3
CC1(CCCC2(C1CC(C(C2)(C)O)C(=O)O)C)C	151267378	NVQANGBOOBLRFE-UHFFFAOYSA-N	C15H26O3
CC(C)[C@H]/1CCC(=C)[C@H](CC[C@@](/C=C1)(C)O)OO	6439153	IYQPDCHHTWJQQK-LJBASXIBSA-N	C15H26O3
C[C@]12CC[C@H](C([C@H]3[C@@H]1[C@@H](C[C@@]2([C@@H]3O)C)O)(C)C)O	139585563	XFKGEQRMYJCXFK-OFTJPINFSA-N	C15H26O3
CC(=O)CCCCCCCCCCOC(=O)C=C	57944206	MBNQCYGOTLVJLU-UHFFFAOYSA-N	C15H26O3
CC(CC[C@@H]1[C@]2(CC[C@@H](C1(C)C)O2)C)OC(=O)C	11414140	YYHBXKFIXGECFZ-BTOSZEMVSA-N	C15H26O3
C[C@@]12CC[C@H]([C@@H]([C@H]1C(=C)[C@@H](CC2)O)O)C(C)(C)O	101324884	PJDGWXXYLXLWMB-NTASLKFISA-N	C15H26O3
C[C@@H]1CC[C@H]([C@@H]2[C@H]1CCC(=C)[C@H]2OO)C(C)(C)O	11780068	QOJHMJCKQNDCRU-RMTQGBGSSA-N	C15H26O3
CCOC(=O)CCCCCC[C@H]1[C@H](CCC1=O)C	129362872	KXUSWXXLGLCNEG-STQMWFEESA-N	C15H26O3
COCC(C1CCCC1)(C2CCCC2)C(=O)OC	22395042	NSOJZXIYHUKOFP-UHFFFAOYSA-N	C15H26O3
CCCCC[C@@H](C1C[C@@H](/C(=C\C)/C1)O)OC(=O)C	147620970	GDVXQULQNVAQJX-KRTLSUPJSA-N	C15H26O3
CC.CC.CC1=CC=C(C=C1)OC(C)(C)C(=O)O	145294791	VVARFGYMVYYKFF-UHFFFAOYSA-N	C15H26O3
C1CCCC(=O)CCCCCOOC2CC2CC1	141055994	LTAMCRVDHLDHHK-UHFFFAOYSA-N	C15H26O3
CCCOCCCCCC(=O)OC1=CCCCC1	134561716	ITAUCHPDNAGOAE-UHFFFAOYSA-N	C15H26O3
CC(C)(C)C1C(C(=O)OC1=O)C(C)(C)C(C)(C)C	147449016	DXRSVVGHXOLHRF-UHFFFAOYSA-N	C15H26O3
CC1CC(CO1)C(=O)CCCCC2CCOCC2	114193006	VFMVWQKGGMFXLV-UHFFFAOYSA-N	C15H26O3
C[C@@H]1CCC2[C@H](C(O[C@H]3C2C1CC[C@@H](O3)C)O)C	152998796	UXTCBUNDYSYJGD-GAGVKTAMSA-N	C15H26O3
CC.CC.CC(=O)CC(=O)C1=CC=CC=C1.CO	91306407	MLBIEAYWLFPMTC-UHFFFAOYSA-N	C15H26O3
C/C(=C\CC(=O)OC(C)(C)C)/CC[C@@H]1C(O1)(C)C	11172839	SDTSONXFEHYCGG-JATZPVMKSA-N	C15H26O3
CCCCC[C@H]1C(=O)CCCCC(=O)[C@@H](O1)CC	9992496	SRRHWXLMHLPSII-GJZGRUSLSA-N	C15H26O3
CC=C(C)C(=O)OCCCCCCCCCC=O	57110372	UGCNEAGAJWLUML-UHFFFAOYSA-N	C15H26O3
CC(COC(=O)C1CC(CCC1C(=C)C)(C)C)O	122582538	UKSLDPRHFWFLMG-UHFFFAOYSA-N	C15H26O3
C[C@]12C[C@H]([C@@H](C=C1CCC[C@@H]2OC(C)(C)C)O)O	15386601	KDRXCWXFTDEYIW-CXTNEJHOSA-N	C15H26O3
CCOC1(CCOCC1)C(=O)C2CCCCCC2	116748958	CUHGWNQSCUDFLQ-UHFFFAOYSA-N	C15H26O3
CC(CCCCO)C(=O)OCC1CC2CCC1C2	122575744	QDWQGJJHNOLFEY-UHFFFAOYSA-N	C15H26O3
C1CCC(CC1)CCC(=O)OCC2CCCCO2	78788878	NHOJDTFTDYAOLS-UHFFFAOYSA-N	C15H26O3
CC(C)(C)C1=CC(=C(C(C1O)O)C(C)(C)C)OC	102384153	GXEBXRBXPYFXFW-UHFFFAOYSA-N	C15H26O3
CCC1CCC(C(C1)CC)C(=O)CCC(=O)OC	19784749	XCDTXLFOJVAZLG-UHFFFAOYSA-N	C15H26O3
CCCC(C)(C)C1C(C(=O)OC1=O)C(C)(C)CC	89030237	ZUXWZWYIBMLUSP-UHFFFAOYSA-N	C15H26O3
C[C@]12CCC[C@]3([C@@]1(O3)C[C@@H](CC2)[C@@](C)(CO)O)C	11414139	HEQJEKLYQRVZQU-ARILJUKYSA-N	C15H26O3
CC1(CCC[C@](C1=C)(CO)C(=O)OC(C)(C)C)C	102369253	KVAAPJJIHMUYMT-OAHLLOKOSA-N	C15H26O3
CCCC1COC2(O1)CC3CCC2(OC3(C)C)C	101167332	GWJPOKURVOBQCH-UHFFFAOYSA-N	C15H26O3
CCOCC.CC=C.C1=CC=C(C=C1)C(CO)O	69728934	MVMSMGLLXNJARI-UHFFFAOYSA-N	C15H26O3
CCOC(=O)C1(CCCCC1=O)CCCC(C)C	103574702	HLGCKWBCDNVWBN-UHFFFAOYSA-N	C15H26O3
CC(=CCC[C@]1([C@H]2C[C@@]1(CC[C@@]2(CO)O)O)C)C	132523332	DAVBJMRJVIPBFV-CBBWQLFWSA-N	C15H26O3
CCCCCCOC[C@@H]1[C@@H]2CC[C@H]([C@@H]1CC=O)O2	18610768	YUVCARXLQOZSNA-BARDWOONSA-N	C15H26O3
CCO[C@@H]1C[C@H]2CCC[C@]3([C@]2([C@H](O1)CCC3)C)O	10562916	FGRAKNPFMZXPSD-QMIVOQANSA-N	C15H26O3
CC1(C[C@H]2[C@@H](C[C@H]1C[C@H]2O[C@@H]3CCCCO3)O)C	125035058	NHPPFQUCJOGAQU-ODXJTPSBSA-N	C15H26O3
C[C@H](COC(=O)C)C1CCC2[C@@]1(CCCC2O)C	57712192	MYZVVUWAOHSWRF-OUURIWHRSA-N	C15H26O3
CC(=C)C(O)OCOC1CC2CCC1(C2(C)C)C	148846340	OWNVJOOGIAEHOZ-UHFFFAOYSA-N	C15H26O3
CCC(C)C(=O)OC1(CCOC1)C2CCCCC2	57568969	MGQHUTFHHCBZFG-UHFFFAOYSA-N	C15H26O3
CC(C)[C@@]1(CC[C@]2([C@H]1[C@H](CC3(C(C2)O3)C)O)C)O	10264307	ZCDLQSJEDFNXTD-FKJFFKGESA-N	C15H26O3
CC(C)(C)C12COC(OC1)(OC2)C3CCCCC3	175757	MYJNSONGYPIOFA-UHFFFAOYSA-N	C15H26O3
C[C@@H]1[C@H](C[C@@H]2[C@@]13C[C@H](C2(C)C)[C@](C[C@@H]3O)(C)O)O	21592318	CYRQSQNCLUBAMU-GZHJVTFLSA-N	C15H26O3
CC[C@@H]1CCCC[C@@H]1OC(=O)CC[C@@H]2CCCO2	97853070	IXZHSMKWHNVMBX-RDBSUJKOSA-N	C15H26O3
C1CCCCCC(=O)C(CCCC1)C2OCCO2	3255882	IWOUJVASWZCMLJ-UHFFFAOYSA-N	C15H26O3
CC(C)[C@@H]1CC[C@]2([C@H](O2)CC[C@]3([C@H]([C@@H]1O)O3)C)C	124893921	CZZAIHWBOUXBPS-RHTUOURWSA-N	C15H26O3
C[C@]12CC[C@]1([C@@H]([C@H]([C@H]3[C@@H]2CC(C3)(C)C)O)CO)O	123736480	GNDFCDITRPWUIB-RIMRTXSHSA-N	C15H26O3
CC(C)[C@@]1([C@H]2CCC(=C)[C@@H](C[C@@]2(C[C@H]1O)C)O)O	148214470	KKQBLXNGYLDSPH-KHMAMNHCSA-N	C15H26O3
CCCCCCCCC/C=C/1\[C@@H]([C@H](OC1=O)C)O	102463803	QSSHGBYNUZHOCF-ZSPDEYSBSA-N	C15H26O3
CCC=CCCCOC(=O)OCCCC=CCC	91174833	YWAAVRZSUNVVRQ-UHFFFAOYSA-N	C15H26O3
CC(C)OCC/C(=C/CC/C(=C/C(=O)OC)/C)/C	88837414	ZBHLCCIHZXAAGS-FYCHQBGDSA-N	C15H26O3
CCC(C)OC(=O)CCC1CCCCC1CC=O	123711645	OSNBBKNPGQMLNB-UHFFFAOYSA-N	C15H26O3
CC1CC1C(=O)OC2CC(C2(C)C)OCC(C)C	102557778	OMHTXXOVEMARDI-UHFFFAOYSA-N	C15H26O3
CC(CCCC(C)(C)O)C/C=C/C(=CC(=O)O)C	154393554	FDQBRYVHALQXLL-JPWQVFTHSA-N	C15H26O3
CC1=C([C@@]2([C@@H](CCC([C@]2(CC1)O)(C)C)O)C)CO	11379806	IGLVPLVSWJGMSI-YUELXQCFSA-N	C15H26O3
C[C@@H](C[C@H](C1CCCC1)OC(=O)C2CCCC2)O	16751050	YSDBHCASRPDOHI-SMDDNHRTSA-N	C15H26O3
CCOC(C)C(=O)C1CCOC2(C1)CCCCC2	79921619	DNDHJIQJVYUHSW-UHFFFAOYSA-N	C15H26O3
CCCCCCCCC/C=C\1/[C@@H]([C@@H](OC1=O)C)O	14259075	QSSHGBYNUZHOCF-JPXBLGQGSA-N	C15H26O3
CCCC(C)CC1(CCCCC1=O)C(=O)OCC	103574805	TZAQDZHWHCZHGA-UHFFFAOYSA-N	C15H26O3
C1CCC(C(C1)C2CCOC3(C2)CCOCC3)O	79911405	OUICCSYUGYHWIR-UHFFFAOYSA-N	C15H26O3
C1CC[C@@]2([C@@H](C1)[C@H](CC[C@]3([C@H]2CCCC3)O)O)O	125505852	DJVAPOXBWUUPEA-AHDPXTMNSA-N	C15H26O3
CC(C(=O)C1CCCCCC1)C(=O)OC(C)(C)C	66339622	QUPJDMNVIPIUIE-UHFFFAOYSA-N	C15H26O3
C[C@H]1C[C@@H]([C@@H]2[C@H]1[C@@H]3[C@@H]([C@@]3(C)CO)CC[C@]2(C)O)O	139584802	DDVAVJSIHXELQF-DANFQNBYSA-N	C15H26O3
C1CCC2(CC1)C(CC2OCC3CCOCC3)O	66346477	ZFCOEXFJDLMRDA-UHFFFAOYSA-N	C15H26O3
CCC1CCC(C1)(C2CCCCCC2O)C(=O)O	79429347	AVINWCGPINSRCE-UHFFFAOYSA-N	C15H26O3
C[C@@H]1CC[C@H]([C@H]2[C@]1(CCC(=C)[C@@H]2O)O)C(C)(C)O	21589753	QKNTUHOWMWQXOD-XLFUENPSSA-N	C15H26O3
CCCC[C@H](CC)COC(=O)[C@@H]1CC[C@H]2[C@H](C1)O2	124708377	ABAMRJVWDHJBTI-CRWXNKLISA-N	C15H26O3
CC(C)CCCC(C)CC=C=C(C)C(C(=O)O)O	149965959	CUFRUDYESRWVJI-UHFFFAOYSA-N	C15H26O3
CCC(C(=O)C1CCC(CC1)(C)C)C(=O)OCC	65389480	XGNYEBYWPWDMMU-UHFFFAOYSA-N	C15H26O3
C[C@]12CCC3(C[C@H]1CCCC[C@@H]2OC)OCCO3	44245851	ULDUWJOFQWXSAB-RDBSUJKOSA-N	C15H26O3
CCOC1(CCCC1)C(=O)CCCC2CCCO2	113559880	MZEDDFNEOHXZDY-UHFFFAOYSA-N	C15H26O3
CC1=C[C@@H](C2[C@@]([C@]1(CO)O)(CCCC2(C)C)C)O	11391167	RWPFZPBMMIWKKY-YPRXJGMQSA-N	C15H26O3
C1CCC(CC1)CCOC(=O)C2CCCCC2O	147801537	SYKPYOVFTCLOFC-UHFFFAOYSA-N	C15H26O3
CCCCOCC1CCC(CC1C(=O)OC=C)C	102248089	XTNBHQMOCWDEGJ-UHFFFAOYSA-N	C15H26O3
C[C@@H]1CC[C@@H]2[C@@H]1[C@@H]([C@@]3(C[C@H]([C@]2(O3)C)O)C(C)C)O	122383005	RQYWJVJADBZVLW-WLUGHSLGSA-N	C15H26O3
CC1(CCC(=CC1)CCCC(C)(C)O)C(=O)OC	70579607	ALZKKFQIDAVASU-UHFFFAOYSA-N	C15H26O3
C[C@@]1(CC[C@@]2([C@@H]3CCC([C@]2(O3)[C@@H](C1)O)(C)C)C)O	76326396	ZJJAQNUOYULQTH-ZVJHWVFESA-N	C15H26O3
CC1CC(CC(O1)C)OCC(=O)C2CCCCC2	104752219	SFKWWXOJWRHCNE-UHFFFAOYSA-N	C15H26O3
CC(C)(CC1CCCCC1)OC(=O)C[C@H](C=C)O	147211103	GEXPBHGHLNPHFH-ZDUSSCGKSA-N	C15H26O3
CCC(=C)C(CCCCC(=CC(=O)OCC)C)O	154131954	JZBLTVVUXBEVJM-UHFFFAOYSA-N	C15H26O3
CCCCCCCC1C(CCC1=O)CC(=O)OC	139765518	LQAMHJAUJSIUKC-UHFFFAOYSA-N	C15H26O3
CC(C)[C@]12CC[C@](O1)(C3CC[C@](C3[C@@H]2O)(C)O)C	10445038	JNTOHIOAISZSEJ-VYUINMPDSA-N	C15H26O3
CC1(C2C1C3CC(C(C3C(CC2)(C)O)O)(C)O)C	536447	YRKJOBRVOKVJAK-UHFFFAOYSA-N	C15H26O3
CC(C)(C)C(C(=O)C1CCOC2(C1)CCCC2)O	113817313	MWTSMXSEWCSFRS-UHFFFAOYSA-N	C15H26O3
C[C@H]1[C@H]2[C@@H]([C@@](O1)(CC2=C)COC(C)C)OC(C)C	59483044	SEGAUAVSQZBUSD-ZQDZILKHSA-N	C15H26O3
C[C@]1([C@H]2CC[C@H](C2)[C@]1(C)O)CCC=C(CO)CO	102383098	AGNRAXOXAKHITR-YJNKXOJESA-N	C15H26O3
CCOC(=O)C1(CCC(CC1)C)C(=O)C(C)(C)C	79554018	GBFVHPHDVYLJOW-UHFFFAOYSA-N	C15H26O3
CCC(C)(C)C(=O)OC(C)(CC)C1CCC(=O)C1	118605251	WVGDYIGMFFZMGN-UHFFFAOYSA-N	C15H26O3
C/C(=C\CCC1(OCCO1)C)/CCC2C(O2)(C)C	11288277	BAPPDUOAWCEOSC-WUXMJOGZSA-N	C15H26O3
C[C@@H]1C[C@H](CC([C@@]1(C#C)O)(C)C)OC(C)(C)OC	57152290	ZKDXQPGQJBRNLQ-JMSVASOKSA-N	C15H26O3
CCCCCCOC(=O)CC1CC(CC1=O)(C)C	15532336	KKNBHXRNAOSWJU-UHFFFAOYSA-N	C15H26O3
CC1CCCCC12COC(=O)CCCCCCO2	10944982	CDBDHUKYJMUUTN-UHFFFAOYSA-N	C15H26O3
C[C@H]1CCC[C@]2([C@]1([C@H]3[C@H](C3(C)C)[C@H]([C@H]2O)O)O)C	101175299	KFPIYIDOFXHLTR-OOFNAGSFSA-N	C15H26O3
CC(CC(=O)C1CCC(CC1)C(C)(C)C)C(=O)O	104575825	BUHMMJRYSGRVGG-UHFFFAOYSA-N	C15H26O3
CCOC(=O)C1CCC(CC1)C2CCC(CC2)O	68247941	RICZSGPDAPUDRQ-UHFFFAOYSA-N	C15H26O3
C[C@H]1CC[C@@H]2[C@H]1[C@@H]3[C@@H]([C@@]3(C)CO)C[C@H]([C@@]2(C)O)O	122211390	WQKJFSBJDMFNLZ-BRDKQNBVSA-N	C15H26O3
C[C@H]1CC[C@@H]2C[C@]3([C@]1(CC[C@@]3(C)O)O)OC2(C)C	101222301	QBCJQQMMHNYFHB-JHOKLZQASA-N	C15H26O3
CCCCCC(=O)CC[C@@H]1CCCC1OC(=O)C	149353433	YGLZCSBXPYOQQC-CFMCSPIPSA-N	C15H26O3
COC1CCC(C1)COC2CCC2COC3CC3	146622575	IURGJIUUUCPTMH-UHFFFAOYSA-N	C15H26O3
CC1C(C(CC([C@]12CC[C@H](C2)C(=C)C)CO)O)O	154790565	NPIIWZCGVADPIE-MFSIZMQVSA-N	C15H26O3
COC[C@H]1[C@H]2CC[C@@H]([C@H]1C/C=C\CCCCO)O2	70455331	DLZIOXQHHWNRDS-ZQNLVXTFSA-N	C15H26O3
CC1C[C@H](C2[C@H]1C[C@@H]3C(C[C@]2(OC3(C)C)C)O)O	51003858	HMTVXYYWICMXMY-XKHCRIFGSA-N	C15H26O3
CC(C)[C@@H]1/C=C\[C@](CC/C=C(\C[C@H]1O)/CO)(C)O	23231294	KNKUQTYESRPETI-HUPOEQOWSA-N	C15H26O3
C1CCCC(CC1)C2(CCCC(CC2)O)C(=O)O	17843803	SKWOWCKUKKKNQR-UHFFFAOYSA-N	C15H26O3
C/C/1=C\C(C(CCCC2(C(O2)CC1O)C)(C)C)O	23265937	ZZSZSTCCYMOZHB-CSKARUKUSA-N	C15H26O3
C[C@@]12CC[C@H](C[C@H]1[C@@](CC[C@H]2O)(C)O)C(=C)CO	11701586	ZRMNMPPGQVXDTN-RYPNDVFKSA-N	C15H26O3
C[C@@H]1CCC[C@@H](C1CCC[C@H](C)C=O)OC(=O)C	89329805	FMPWZJCVYMPSCS-KNUOEEMSSA-N	C15H26O3
C[C@H]1[C@@H]2C(C([C@H](C1O)C)C)OC3(O2)CCCCC3	58078787	DEBDWSRVHWWRPX-YUWMWBIDSA-N	C15H26O3
C[C@@H]1CC[C@@H]2C([C@H]1CCC(=O)C)C(OC2(C)C)O	21628176	HUYYRLXEIGZTBO-NKHXLGEQSA-N	C15H26O3
CC1=C2[C@H]([C@@H](CC[C@]2(CC[C@H]1O)C)C(C)(C)O)O	102239779	QHMROFDWUHQIEH-ZSEWYUTFSA-N	C15H26O3
CC1CCC(CC1)OC(=O)C2CCC(CC2)OC	90136829	AUHUDNDSVXQFPY-UHFFFAOYSA-N	C15H26O3
CCC(C)(C)C1CCC2(CC1)C(O2)C(=O)OCC	65915611	MUHOEYPRVGSJAQ-UHFFFAOYSA-N	C15H26O3
CCOC(=O)CCCCCCC1CCCCC1=O	12848421	NJJGGAKBNYEUNC-UHFFFAOYSA-N	C15H26O3
CC1CCCC(C1)OC2CCC(CC2)C(=O)OC	113587105	GGPHZHZEYZXHAU-UHFFFAOYSA-N	C15H26O3
CC(C)(C)[C@H]1CCC2([C@@](C1)(CC=C)O)OCCO2	93971352	VSSWAUGQYGZDMH-JSGCOSHPSA-N	C15H26O3
COC(=O)C(C1CCCCC1)(C2CCCCC2)O	10422460	GTNJJRSJVVEYOI-UHFFFAOYSA-N	C15H26O3
CCC(OC/C=C/C)(OC/C=C/C)OC/C=C/C	20466890	CYRNFHKAOPVXFT-NYHHSSDGSA-N	C15H26O3
C[C@@](C1CCCCC1)(C(=O)O)C2(CCCCC2)O	92297565	FHOXQGCVIIROOT-CQSZACIVSA-N	C15H26O3
C[C@]1(CO1)C2CCC3(CCCC(C3C2O)(C)O)C	134964656	HRGMEELYNWSDOH-FFSGTFEZSA-N	C15H26O3
CCC(C)(C)C1C(C(=O)OC1=O)C(C)(CC)CC	89651990	AULLXWLMRBUWJI-UHFFFAOYSA-N	C15H26O3
CCOC(=O)C1(CC(C1)C(C)C)C(=O)CC(C)C	80443138	PSTGHVHTACFFGJ-UHFFFAOYSA-N	C15H26O3
CCCCCCCCC/C=C/1\[C@@H]([C@@H](OC1=O)C)O	102531316	QSSHGBYNUZHOCF-CLLPVZCOSA-N	C15H26O3
CC1(C[C@H]2[C@@H](C[C@H]1C[C@H]2O[C@H]3CCCCO3)O)C	125035060	NHPPFQUCJOGAQU-QNSTZXKLSA-N	C15H26O3
CCOC(C1CCC(CC1)(C)C2CCCC2=O)O	142082608	GNMABHVNTXFHPM-UHFFFAOYSA-N	C15H26O3
CCOC(=O)C(=O)CCCCCCCCCC=C	146314713	HIYNLCCCMDZLIA-UHFFFAOYSA-N	C15H26O3
CCC(C)(C)C(=O)OC(C)(C)C1CCC(=O)CC1	70808848	WICKYKCLAQGOFU-UHFFFAOYSA-N	C15H26O3
CC1CCC(CC1)C2CCC(CC2)OC(=O)OC	59642176	MCNBDLOLJRMLMV-UHFFFAOYSA-N	C15H26O3
CCCCC/C=C\C/C=C\CCOC(C)C(=O)O	129209362	DWGBIFGWBAXIOO-NQLNTKRDSA-N	C15H26O3
C[C@@H](C/C=C/C(C)(C)OO)[C@H]1CCC(C=C1)(C)O	101705409	SSKGZUZWALCFSO-NOIPQANQSA-N	C15H26O3
CC(=CCO)C=CC1C(CCC1(C)O)C(C)(C)O	53882388	HKRZPSNHHSZFCJ-UHFFFAOYSA-N	C15H26O3
CC(=O)CC[C@@H]1[C@@]2(CCCC([C@@H]2[C@H](O1)O)(C)C)C	21628131	GPHISNUOPBFKJB-OSFYFWSMSA-N	C15H26O3
CC1=C2CC(CC2(CCC1O)C)(C)C.CC(=O)O	71389531	DPXKSIOTWUKJHB-UHFFFAOYSA-N	C15H26O3
C1CCC(C1)CCC2(CCC3(CC2)OCCO3)O	114191746	ILRXDDRVMPDNAL-UHFFFAOYSA-N	C15H26O3
CCC(C)C(=O)OC1C2CCC(C2)C1C(C)(C)O	124084474	SRTWBUIUIKSVEY-UHFFFAOYSA-N	C15H26O3
CC(=CCC(/C(=C/COC(=O)C(C)(C)C)/C)O)C	72198441	KUWGNQKXQZRCHC-FMIVXFBMSA-N	C15H26O3
CCOC1CC2C3CC(C2C1)C(C3)OOC(C)C	148725583	NZYFWTVPTOSPRH-UHFFFAOYSA-N	C15H26O3
CC/C=C(\C)/O.C[C@]12C[C@@H]3[C@H]1C(O[C@H](C2)O3)(C)C	70500381	NETKJUFPLBIUPJ-VLDGZGFPSA-N	C15H26O3
CC(C)(C)CC(=O)C1CCOC2(C1)CCOCC2	79921434	CLAQMDVVWCQANM-UHFFFAOYSA-N	C15H26O3
C[C@H]1CCCCCCCCC[C@@H](/C=C/C(=O)O1)O	10777349	SEPVNQPKPJCPAX-GHYUOPHCSA-N	C15H26O3
C[C@]12CC(C(C=C1CCC[C@@H]2OC(C)(C)C)O)O	11021448	KDRXCWXFTDEYIW-DVTFPSANSA-N	C15H26O3
CC(=O)O[C@@H]1CCCC2C1CCC[C@@H]2C(C)(C)O	90708569	OJKNHOYRMSTMKA-CLRIEMFWSA-N	C15H26O3
CC1CCC2C3CC[C@@]([C@@]3(CCC2(O1)O)C)(C)O	22794173	KJIJPXOLTYMSOF-SMJZJUTESA-N	C15H26O3
C[C@H]1CC[C@@H]2[C@H]1C(CCC[C@@]2(C)O)[C@@H](C)C(=O)O	132496983	HQEHOUBUOJUOIA-MMBRYYDASA-N	C15H26O3
CC1CCCC(C1)(CCCC2CCCO2)C(=O)O	65395527	LILJUNKKLFYIBS-UHFFFAOYSA-N	C15H26O3
CC1CCC(CC1)(C(=O)CC2CCOCC2)OC	116749138	GTPIJSKXXGIDDQ-UHFFFAOYSA-N	C15H26O3
C[C@H](CC=O)[C@H]1C[C@@H](CCC1(C)C)COC(=O)C	24823392	UQRJTZFFYUHCCA-MRVWCRGKSA-N	C15H26O3
C1CCC2(C1)CC(CCO2)C3(CCCOCC3)O	79913503	SKAIPGSLPDKVTR-UHFFFAOYSA-N	C15H26O3
CC(CCCC(C)(C)OC)C/C=C/C=C/C(=O)O	21525802	MSVXUYXJEDKEJS-LCAICKDSSA-N	C15H26O3
CC(CCC(=O)C(=C)C)CCOC1CCCCO1	14168632	HUCCIEYHPJZYDI-UHFFFAOYSA-N	C15H26O3
C[C@@H]1[C@H]([C@@H](C[C@H]([C@]12CC[C@H](C2)C(=C)C)CO)O)O	25200803	NPIIWZCGVADPIE-KYFQHEKYSA-N	C15H26O3
CCCCC(=C=C[C@@H](C(=O)OCC)O)C(C)(C)C	101083202	DLZQDKRTQWKWOD-HQVZTVAUSA-N	C15H26O3
CCCCCCCC[C@@H](C1=CC=CO1)OCOC	10828963	DGMLMSDYMVHDJO-HNNXBMFYSA-N	C15H26O3
CC(C)[C@@]1(CC[C@]2([C@@H](CCC(=C)[C@@H]2[C@H]1O)O)C)O	53262781	CUHWMIOLJCBKOH-ARILJUKYSA-N	C15H26O3
CCCC1(CCC(CC1)C(=O)O)C(=O)C(C)(C)C	148492837	MJBZKBVZLNFTIY-UHFFFAOYSA-N	C15H26O3
CC(C)CCCC(C)CC=CC(=CC(=O)O)OC	154238238	QLXCBMOPMBGHRP-UHFFFAOYSA-N	C15H26O3
CCC(C)(C)OC(=O)C1CC2CC(CC1O2)(C)C	147939440	ILLCEUUIZAIXLZ-UHFFFAOYSA-N	C15H26O3
CC1=CC[C@@H](CC1)[C@@](C)(CCC(C(=C)C)OO)O	101589204	UCDOXAHBJJGSNY-ZHDDOTHNSA-N	C15H26O3
CCOC(=O)CCOC1CC2CCC1(C2(C)C)C	80391305	LNQKMFFHQIFQTM-UHFFFAOYSA-N	C15H26O3
CCCCCC1(OCCO1)C2(CC2)CCC(=O)C	22042494	XYJLLFQMWASWHK-UHFFFAOYSA-N	C15H26O3
C/C(=C\CO)/CCC1C(O1)(C)CCC2C(O2)(C)C	12536850	QXPAGYYKPSANFN-DHZHZOJOSA-N	C15H26O3
CCCCCCC(=O)CC(=O)CCCCC(=O)C	87489196	UURRSMHZSKOGST-UHFFFAOYSA-N	C15H26O3
CC1(OCC(O1)COCC2CCC(CC2)C=C)C	148279797	KBCFGUNZSJFCSR-UHFFFAOYSA-N	C15H26O3
C[C@H]1C[C@@H]([C@@H]([C@@H](C2=CC(C[C@@H]12)(C)C)CO)CO)O	46872581	ICVPRJWKJDJJOV-YRASXDPISA-N	C15H26O3
CCCCCCC[C@@H]1[C@H](OC(O1)(C)C)[C@H](C#C)O	53232197	PUSUTKRXMCHRBR-BFHYXJOUSA-N	C15H26O3
CCC(C)C(=O)OC12CC(CC(C1)CC(C2)O)C	58814436	IPDADOJAUZTBFM-UHFFFAOYSA-N	C15H26O3
CC(C)[C@H](C#CCCCCCCCC(=O)OC)O	134999540	PPWKLLFKCZZYQS-AWEZNQCLSA-N	C15H26O3
CC(C1(CCCC=C1)CCCCCCC(=O)O)O	21558679	XLTTWKIDLYIPGS-UHFFFAOYSA-N	C15H26O3
CC(CCCCCC#CCO)OC1CCCCO1	86095981	PILSNSLHCNCGGI-UHFFFAOYSA-N	C15H26O3
C[C@@H]1[C@H](CC[C@]1(C)O)C(=C)CC[C@H](C2(CO2)C)O	53243204	NRJUEDGUOUJFPU-ARJVPZMDSA-N	C15H26O3
CCOC(=O)C1(CCCCCC1)C(=O)C(C)(C)C	79554682	GATPUKUJQCSLSW-UHFFFAOYSA-N	C15H26O3
CCOC(=O)C(C)CCC12CCC(C1)(CC2)OC	117601788	FMXHINKALMJUMS-UHFFFAOYSA-N	C15H26O3
CCC1CCC(CC1)OC2CCC(CC2)C(=O)O	114450937	RMJGEQJDXAOQNZ-UHFFFAOYSA-N	C15H26O3
CC1=C[C@@H]([C@@H]2[C@@]([C@]1(CO)O)(CCCC2(C)C)C)O	13890776	RWPFZPBMMIWKKY-NZBPQXDJSA-N	C15H26O3
CCCC(CCO)(C1CCCCC1)OC(=O)C=C	89225422	WVBLCPQETNXPMN-UHFFFAOYSA-N	C15H26O3
CC12C=CC(O1)C(C2OC(C)(C)C)OC(C)(C)C	70171306	CWQKHMOHWRNOJJ-UHFFFAOYSA-N	C15H26O3
C[C@@H]1CC[C@H]([C@@H](C1)OC(=O)[C@@]2([C@H](O2)C)C)C(C)C	21636899	JXJREBZBRPJBPB-VVSAWPALSA-N	C15H26O3
C[C@H](CO)C1CCC2[C@@]1(CCC[C@@H]2OC(=O)C)C	143647495	FYONWDIYFMIDDE-CQZOQBKDSA-N	C15H26O3
CCCCC[C@H](CCC[C@H]1CC=CC(=O)O1)OC	52953296	DHBLYUJYBXTXMF-KGLIPLIRSA-N	C15H26O3
C1CCC(C1)C(C2CCOC3(C2)CCOCC3)O	79913146	FBXNXNPTNJDHHU-UHFFFAOYSA-N	C15H26O3
CC1C(C2CC1CC23COCCOCCOC3)C	20818178	DQFKNEMKXVVSFQ-UHFFFAOYSA-N	C15H26O3
CCCCCCCCCC[C@H]1C(=O)C=CC(O1)O	14641217	ZWUNUXNXAVPNGF-MLCCFXAWSA-N	C15H26O3
CC(CCC=O)[C@H]1CCC2[C@@]1(CCCC2(O)O)C	59043494	OCGQUVSTVSIXQO-FKZOYECMSA-N	C15H26O3
CC1C=C(COCCCCCC=CC(C1O)O)C	77350404	BBNDLBUMZVCGME-UHFFFAOYSA-N	C15H26O3
CCC1(CC([C@@H]2CC=C([C@H]([C@@H]2O1)O)C)(C)O)CC	145916005	CCUJCWZVJIPGJP-ZHZAVPAVSA-N	C15H26O3
CCC/C=C/CO/C(=C\C(C)C)/C(=O)OC(C)C	21580944	WGDIIGANAUFDNJ-LSHJULRISA-N	C15H26O3
CC1CCCC(C1)(C(=O)CCC2CCCO2)OC	113560207	DMKVLTRWHAEANF-UHFFFAOYSA-N	C15H26O3
CCCCCC(C=CC1CC2C1CC(O2)OC)O	71373602	QZACPHMXIBTXKX-UHFFFAOYSA-N	C15H26O3
CCCO/C=C/C(=C\C(=C)OCCC)/OCCC	143143585	AKFPNENOEOYLND-DIVQBCEKSA-N	C15H26O3
CCCCCC1C2CC3(CC(C2)(CC1(C3)O)O)O	139994697	UQKARMSUZKCSGD-UHFFFAOYSA-N	C15H26O3
CC(C)C(C1CCOC2(C1)CCOCC2)C(=O)C	79893811	SBTQFKQTEGAWHP-UHFFFAOYSA-N	C15H26O3
C/C(=C\COC(=O)C(C)(C)C)/CC/C=C(\C)/CO	45258080	IEWROORQYHNGET-GHEQENTPSA-N	C15H26O3
C1CC(COC1)C(=O)CCCCC2CCOCC2	114191899	NQHCQOLMXLMXBN-UHFFFAOYSA-N	C15H26O3
CCCC=COCCCCCCOC(=O)C(=C)C	153325085	PJKJHTHXQDIDOI-UHFFFAOYSA-N	C15H26O3
CC(C)[C@@]1([C@H]2CCC(=CC[C@@]2(C[C@H]1O)C)CO)O	72713579	OQMGYKWZJSTWIL-YJNKXOJESA-N	C15H26O3
CCCOCCOC(=O)C1CC2CC1C(C2C)C	58480922	QOBZAQIFMQCTAD-UHFFFAOYSA-N	C15H26O3
CC.C=C/C=C(/COCC1CC(CCO1)O)\C=C	142423666	GPJGYOMHIAGTEB-HMXKFKBXSA-N	C15H26O3
CCOC(=O)CCCCC1CCCC(C1=O)(C)C	10037955	BZDKBMDVSXIZKT-UHFFFAOYSA-N	C15H26O3
CCCC(C(=CC1CCCCC1)C(=O)OCC)O	11757038	FLEWNLMVVWYYMK-UHFFFAOYSA-N	C15H26O3
CCOC1(CCOCC1)C(=O)CCC2CCCC2	114191959	ARDVMVRPFRCODD-UHFFFAOYSA-N	C15H26O3
C[C@@H]1CC[C@@H]2[C@@H]1[C@H]3[C@](O3)(C[C@H]([C@@]2(C)O)O)C(C)C	71499914	BIQSJVGDYFACST-RYNURCMISA-N	C15H26O3
CC1CC(CC(O1)C)OC2CC(C23CCCC3)O	113369397	SXHUYCFZHAESMB-UHFFFAOYSA-N	C15H26O3
CCOC(C[C@@H]1C[C@@H]2CC[C@@]1(C=C2)OC)OCC	98557747	KPBRKGSARDMUIS-KCQAQPDRSA-N	C15H26O3
CC1CC(=O)C[C@]2([C@]1(CC(CC2)C(C)(C)O)O)C	11736918	ILKYLOXDWCQJLE-RLNQVHQUSA-N	C15H26O3
CC1(CC2CCC1(C2)COC)OC(=O)C(C)(C)C	126760723	BOYBVZGUQABOJJ-UHFFFAOYSA-N	C15H26O3
COCOC1CCC(CC1)C(=O)C2CCCCC2	117698309	NERKJGJUCLLZBG-UHFFFAOYSA-N	C15H26O3
C[C@H]([C@H](/C(=C/C(=C/C(C)(C)C)/C)/C)O)C(=O)OC	10706136	BAJLMYWCFLAEJX-RKHFGANZSA-N	C15H26O3
CC.CC.CCOC(=O)COC1=CC=CC=C1C	144655024	KBLUBMKFHNTLKQ-UHFFFAOYSA-N	C15H26O3
CC(C)[C@@]1([C@H]2CC[C@]3([C@H](O3)C[C@@]2(C[C@H]1O)C)C)O	72713580	KZIYMGXPOZNBKF-RHTUOURWSA-N	C15H26O3
CC1CCCCCCCCC(OC(=O)CC1=O)C	101994042	RYJXKIMDJWEWNU-UHFFFAOYSA-N	C15H26O3
CC[C@]1(CCCCCCCCC1=O)C(=O)OCC	94034704	HFNYSHDNNDVJHC-OAHLLOKOSA-N	C15H26O3
CC1([C@@H]2C[C@H]1[C@@H]([C@H](C2)O)CCOC3CCCO3)C	57241612	ZTHWNADNDHQBJI-XHVMDGRWSA-N	C15H26O3
CC1=C([C@@]2(CCCC([C@@H]2[C@@H]([C@H]1O)O)(C)C)C)CO	98860603	SQUSSQHYJYXURV-XFMPKHEZSA-N	C15H26O3
CCO[C@H]1C[C@H]2CCC[C@]3([C@]2([C@H](O1)CCC3)C)O	10682392	FGRAKNPFMZXPSD-RYPNDVFKSA-N	C15H26O3
C[C@]12CC[C@]3(O1)[C@H]([C@@H]2O)C(CCC[C@@]3(C)O)(C)C	139064968	LOUCAPVUUWQGQM-BJBXXJATSA-N	C15H26O3
CC1CC(CCC1/C=C/C2CC(CC(C2)O)O)O	148100182	WGJVDDSVMMNJBM-NSCUHMNNSA-N	C15H26O3
CCCC1(CC(C(C(=O)C1)C(=O)CC)C)CCO	135135860	NGKDZJDFTHWIIK-UHFFFAOYSA-N	C15H26O3
CCCCC1(CC(CCO1)(C=O)C=O)CCCC	150470763	HRSZPKMDIFWKMY-UHFFFAOYSA-N	C15H26O3
C[C@@H]1CC[C@H]2[C@@H]1[C@@H]3[C@H]([C@@]3(C)CO)CC[C@@]2(CO)O	101460597	XJCYHYLKHMEKAZ-NRFRHTMUSA-N	C15H26O3
CC1CCC(=O)C2[C@H]1C(CC2)[C@H](C)C(OC)OC	69092666	MWNGHKKUKZDMKQ-YDDOZKBNSA-N	C15H26O3
CC(C)(C)C(=O)C1CC(CC1C(=O)C(C)(C)C)O	59204191	JFDAXAMMRBMAQQ-UHFFFAOYSA-N	C15H26O3
C[C@@H]1CC(=O)C[C@H]2[C@]1(C[C@@H](CC2)[C@@](C)(CO)O)C	101265539	YZFBYSJVMYWMBE-FMKNKJFCSA-N	C15H26O3
C[C@]12CC[C@H]3[C@@H]([C@@H]1CC[C@@H]2OC(C)(C)C)OCO3	16741312	GGHZFUDYJPLTME-BAYHKCFCSA-N	C15H26O3
CC(=O)OC1CCC(CC1)OCC2CCCCC2	147731531	KTHWHKZVAVVKQJ-UHFFFAOYSA-N	C15H26O3
CC1=CC[C@H]([C@@]2(CCCC([C@H]2[C@@H]1OO)(C)C)C)O	10879666	ZYEQSEGPVKGCRV-BHPKHCPMSA-N	C15H26O3
CCC(=O)[C@H](C)[C@H]([C@H](C)C=C)OC(=O)C(C)(C)C	11557902	LKQIPTHECCLXMZ-MDZLAQPJSA-N	C15H26O3
CCC(=O)[C@H]1CC[C@@H]2[C@@H]1[C@@H](CCC2)OCOCC	101068124	GLMWFKLNTRLNTI-GBOPCIDUSA-N	C15H26O3
CC(=C)C(=O)OC(C(C)(C)C)OC1CCCCC1	118067373	MGADCJHXDQKYRE-UHFFFAOYSA-N	C15H26O3
CC12CCC(CC1=C(C(CC2)O)CO)C(C)(C)O	142122553	NGPSGCZCXLYVLM-UHFFFAOYSA-N	C15H26O3
C1CCCCC(=O)CCCCOC(=O)CCCC1	85536522	AXXOBVHFRKPGJC-UHFFFAOYSA-N	C15H26O3
CC(C)(C)C1CCC(CC1)C(=O)CCC(=O)OC	12394851	DDSHIZYYHAZUDY-UHFFFAOYSA-N	C15H26O3
CCOC(=O)C(C=C=C(C)C(C)(C)C)C(C)(C)O	14967443	CUSSMUWHSNYAAX-UHFFFAOYSA-N	C15H26O3
C[C@@H]1CC[C@@H]2[C@@H]1[C@H]3[C@H]([C@]3(C)CO)C[C@@H]([C@@]2(C)O)O	101636128	WQKJFSBJDMFNLZ-OTLHJRDOSA-N	C15H26O3
CCC(C(=O)C1CCCCCCC1)C(=O)OCC	80602053	CBIXXCDHUMJZOU-UHFFFAOYSA-N	C15H26O3
CC(C)C(C)C(=O)C1CCC(C1(C)C)(C)C(=O)O	149283926	XTMSRCKRHAACFF-UHFFFAOYSA-N	C15H26O3
CCCCC[C@H](/C=C\C=C\CCCCC(=O)O)O	125495268	YMUBHSXLIUZNHH-MHBGVYAVSA-N	C15H26O3
CCCCOCC1=CC(=O)C[C@H](C1)OCCCC	70930246	GIEYABHUQYPVOZ-HNNXBMFYSA-N	C15H26O3
CC1CC(CC(C1)(C)C)OC(C2CC2)C(=O)OC	65682826	XAVIKYMRVLLECQ-UHFFFAOYSA-N	C15H26O3
CCCCCC(CCC1C(CC2C1CC2=O)O)O	20259428	NOVPQAWUKZNJDZ-UHFFFAOYSA-N	C15H26O3
CCCCCC1([C@@H](OC(=O)O1)/C=C/C)CCCC	102149775	XXBZOMFVEUNKLE-MCXCUNAMSA-N	C15H26O3
CCOC(=O)CCCCCCC1CCC(=O)CC1	20257766	ZMBMOKBPHFUSAJ-UHFFFAOYSA-N	C15H26O3
CCOCCC(=O)OC1CC2CCC1(C2(C)C)C	78925584	PPDWVCMWLFYYPC-UHFFFAOYSA-N	C15H26O3
CCC(CC(=O)C(C)CCC=C(C)C)OC(=O)C	22559416	DDSAOVDMOPWDHV-UHFFFAOYSA-N	C15H26O3
CCC1CC(C(C1)CC(C2CCOC2=O)O)CC	20608171	XUUZBUCKGDPHML-UHFFFAOYSA-N	C15H26O3
CC(C)CCOCCC1(CC2CCC1C2)C(=O)O	62739888	UWXNDUBREZYOLY-UHFFFAOYSA-N	C15H26O3
CC(C)C(=O)C(CCCC=C)C(=O)OC(C)(C)C	88565575	DCDCASHJEQJPRY-UHFFFAOYSA-N	C15H26O3
COC1(CCCCCC1)C(=O)CC2CCOCC2	113560299	ZTAQSSYFGDHACX-UHFFFAOYSA-N	C15H26O3
CCCCCC1CCC(CC1)C2COC(=O)OC2	70499553	FUPZRLSMGSMRNZ-UHFFFAOYSA-N	C15H26O3
C1CCC(CC1)CCCCCCC2(CO2)C(=O)O	20471691	NBSYTAMFVUVVOR-UHFFFAOYSA-N	C15H26O3
CC(=C/C=C(\CCCO)/C[C@H](C=C)OCOC)C	25128483	PTNOFVBKXOORMP-HNRFISLBSA-N	C15H26O3
CCCCC(C(=O)OC)OCC1CC=CCC1C	104082317	KVWDCFQOIXMETK-UHFFFAOYSA-N	C15H26O3
CCCCC12CC[C@H]3CCCC[C@]3(O1)C(OO2)C	100942847	ZSUDJPAKLCTJNQ-JYVUQVBGSA-N	C15H26O3
CCCC/C=C/COC(=O)OC/C=C/CCCC	87169477	TWCTXGPSOSZUPY-WGDLNXRISA-N	C15H26O3
CCC(C)(C)C(=O)OC(C)(C)C12CCC(O1)CC2	57880046	LCTHOXDRACVHDI-UHFFFAOYSA-N	C15H26O3
C[C@]1(CC[C@H]2C[C@@H]1[C@@]2(C)COC(=O)C(C)(C)C)O	10944980	UVQUHZFAOSWIQU-IDTSFGKNSA-N	C15H26O3
CC(=C)COC=C(C)CCCOC1CCCCO1	76577520	FCZCEZWJMBOCNI-UHFFFAOYSA-N	C15H26O3
CCC1=C(C(=O)C(O1)(C)CC(C)C)OCC(C)C	21465753	BEUZSTLYOVXFFO-UHFFFAOYSA-N	C15H26O3
C[C@@H](CC1(OCCO1)CC(C)C)[C@@H]2CCC(=O)C2	10879662	PNJISWBMTRFSKW-QWHCGFSZSA-N	C15H26O3
CCCC#C[C@H](CCCCOC(=O)C(C)(C)C)O	10901194	YFIGMLVRSFWSHH-CYBMUJFWSA-N	C15H26O3
CC1CCCC(C1)C(C2CCCCC2)(C(=O)O)O	275016	MBMAQAGQHBXDMT-UHFFFAOYSA-N	C15H26O3
CC.CCOC.COC1(COC1)C2=CC=CC=C2	90727077	RMCOZMJSYAAXIK-UHFFFAOYSA-N	C15H26O3
CC1=CC[C@@]2(C[C@H]([C@@]([C@H]2C[C@@H]1O)(C(C)C)O)O)C	72713582	TWEJWPVFKMYLEK-AHDPXTMNSA-N	C15H26O3
C/C/1=C/C[C@@H]2[C@H](C[C@@]2(C)CO)[C@](CC[C@H]1O)(C)O	10729640	HYZCXNMFERLBGC-ZRFJGYBISA-N	C15H26O3
CCCCC1(CCCCC1)C(=O)OC(C)OC=C	23028077	BZODWACLDAAENL-UHFFFAOYSA-N	C15H26O3
C[C@@H]1CC[C@H]([C@@H](C1)OC(=O)[C@]2([C@H](O2)C)C)C(C)C	101940448	JXJREBZBRPJBPB-ZHZXCYKASA-N	C15H26O3
C[C@@]12CC[C@H](C[C@H]1[C@]([C@H](CC2)O)(C)O)C(=C)CO	102382801	ADWRZTOQPYELMQ-MRLBHPIUSA-N	C15H26O3
CC1CCOC1C2COC(C2C)C3CC(CO3)C	146853684	SJDYJUWTFJPCCF-UHFFFAOYSA-N	C15H26O3
CCOC(C(C)C)C(=O)C1CCOC2(C1)CCC2	116708771	RGJFKANPXLUTFG-UHFFFAOYSA-N	C15H26O3
CCCCC1(C(=O)C(=C(O1)C)OCCCC)CC	21465759	XIZVCUKCPKJVME-UHFFFAOYSA-N	C15H26O3
CC(C(C1CCCC1)(C2CCCC2)C(=O)O)OC	67678760	BKOREYFXOHQAMQ-UHFFFAOYSA-N	C15H26O3
CCCOC1C(CC1=O)OC2CCC(C(C2)C)C	114018828	JBBWGFLHOQDUMV-UHFFFAOYSA-N	C15H26O3
CC.CCCOCC1=CC(=CC=C1)COCCO	153398394	TYENOBSCRBUAGV-UHFFFAOYSA-N	C15H26O3
CC(CCC/C(=C/CC(CO)C(=C)C)/C)C(=O)O	101316953	GRLWJUVQYWFKEO-XYOKQWHBSA-N	C15H26O3
C(CCCCCC(=O)CCC=O)CCCCC=O	91302103	AODRRLPFIVCIOU-UHFFFAOYSA-N	C15H26O3
C/C=C(/C=C(/C)\O)\C(C)(C)COC1CCCCO1	149166545	WYFLGSNJCRLUEX-GBRRHYHBSA-N	C15H26O3
C[C@H]1CC[C@](C2=C[C@@](CC[C@]12O)(C)O)(C(C)C)O	132557835	IPYRVXNFBKIBNA-MHEUCROKSA-N	C15H26O3
CCCCCCCCCC(C(=O)C(=C)C)C(=O)O	19937048	MLGJXYKKQNNKNZ-UHFFFAOYSA-N	C15H26O3
CCCCCC(/C=C/C=C/CCCCC(=O)O)O	13724017	YMUBHSXLIUZNHH-ISVYGWFVSA-N	C15H26O3
COC(=O)CCCCCCCCC1CCCC1=O	21420533	KGNIEAZOCWWZMR-UHFFFAOYSA-N	C15H26O3
CCC1(C2(O1)CCC(CC2C)(C)C)C(=O)OCC	81313964	CAGNZSGUUBUZQJ-UHFFFAOYSA-N	C15H26O3
CC1C(=O)OCCCCCCCCC=CCCO1	77756015	GCGXJFKZDUJQNC-UHFFFAOYSA-N	C15H26O3
CCOC(=O)C=COCCC(C)CCC=C(C)C	53835241	GFEWLBCPELKZRT-UHFFFAOYSA-N	C15H26O3
CC1CC(C(C2C1CC=C2)C)OCC(OC)OC	73556670	QEBGKUMRBYPVBR-UHFFFAOYSA-N	C15H26O3
C[C@H](CO)[C@H]1CCC2[C@@]1(CCC[C@@H]2OC(=O)C)C	16066028	FYONWDIYFMIDDE-NGSMIBBOSA-N	C15H26O3
CCCCC1=C(C=CC(=C1)O)CO.CCOCC	70562559	ZRNKGWUESMSLFY-UHFFFAOYSA-N	C15H26O3
C[C@@H]1CC[C@H]2C(CO[C@H]3[C@]2(C1CCC(O3)C)O)C	134410929	NKWURZRPKMUDMN-JKCFGPSKSA-N	C15H26O3
C[C@@H]1[C@H](C[C@H]2[C@@H]1[C@H]3[C@H]([C@]3(C)CO)CC[C@@]2(C)O)O	53360337	DPIHDXXCXGFSJX-RZULFSQCSA-N	C15H26O3
CCC(C)(C)C(=O)OC12CCCCC1(CCC2)O	21049880	IBMKQVGQYMOSKN-UHFFFAOYSA-N	C15H26O3
CC1CCCC1C(C2CCOC3(C2)CCOC3)O	107192713	WVRFXRICCKEEOL-UHFFFAOYSA-N	C15H26O3
CCCCOC(=O)CCC(=O)C1CCCC(C1)C	65922843	JLLQZMLOVGEICE-UHFFFAOYSA-N	C15H26O3
CCCCC[C@H]1[C@H](CCC1=O)CCCC(=O)OC	139585582	UHUOVKQTMKOWAH-STQMWFEESA-N	C15H26O3
CC(CCCC(C)(C)O)CC=CC(=CC(=O)O)C	53793742	FDQBRYVHALQXLL-UHFFFAOYSA-N	C15H26O3
CC(C)CCCC(C)C/C=C/C(=C(/C(=O)O)\O)/C	149981543	CXIRAZRRZQSXAN-OODIFEJDSA-N	C15H26O3
CC(=O)OCC(=O)C1CCCCC(CCC1)(C)C	123996994	DFOFGYVSYZJTSG-UHFFFAOYSA-N	C15H26O3
CC.CC.CC1=CC(=C(C=C1C)O)CCC(=O)O	143530754	BSUSYSKJSDJPKW-UHFFFAOYSA-N	C15H26O3
C1CCC2(CC1)CC(CCO2)C3COCCC3O	113838492	UONJGZHPRZJARX-UHFFFAOYSA-N	C15H26O3
C[C@@]12C[C@@H](C[C@@H]1OCC3CCCCO3)C(O2)(C)C	70477890	UDKRXYJPWNVFFO-HCHQLJBOSA-N	C15H26O3
C[C@@H]1C[C@H](O[C@@H]1[C@@H](C)CC2OCCCO2)CC=C	101716253	RSGAZHBWPFVQBV-COMQUAJESA-N	C15H26O3
C[C@@H]1C[C@@H]([C@H](C([C@H]1/C=C/C(=O)C)(C)C)OC)OC	101176080	OJSFUFFHNUCXOU-PGVTXWDBSA-N	C15H26O3
CC1C(C2CC1CC2C(CCC3OCCO3)O)C	23560905	GDQZNLAXOWDSIT-UHFFFAOYSA-N	C15H26O3
CCCCCCCCC[C@@H]([C@H]1CCC1=O)C(=O)O	124638659	RKFUMSAQPPBKFN-OLZOCXBDSA-N	C15H26O3
C[C@@]1(CCC2C1[C@H]3[C@H](C3(C)C)CC[C@@]2(CO)O)O	101151591	DPJNFIIBULGARZ-WLIUKIGPSA-N	C15H26O3
CCCCOC1CCCCC1(CC)OC(=O)C=C	58844037	SNDGBDNEFXAXQY-UHFFFAOYSA-N	C15H26O3
C[C@]12CC[C@@H](C([C@@H]1CC=C([C@@H]2CO)CO)(C)C)O	11299797	FLJVCTAWIDPKTG-PWNZVWSESA-N	C15H26O3
CCOC(=O)CC(C12CC1(CCCC2(C)C)C)O	565488	ROTOGUPZCHJPMA-UHFFFAOYSA-N	C15H26O3
CCC1CCCC(C1)OCC=C(CC)C(=O)OC	77101695	QUYKVYKWGNFZSP-UHFFFAOYSA-N	C15H26O3
C[C@@H]1CC[C@@H]2[C@@H]1C=C(CC[C@]2(CO)O)C(C)(C)O	146682415	ZVMYTSXRVCZAMS-BPGGGUHBSA-N	C15H26O3
CCCCC1=CC(=O)CCC1C(C)(C)OCOC	132563591	GHCYQVXJUNGJIK-UHFFFAOYSA-N	C15H26O3
C[C@H]1[C@@H](C[C@@]2([C@]1([C@H]3CC(C[C@]3(C2)O)(C)C)C)O)O	10800959	MXIZCSZWQVEQQV-MRIXOBAXSA-N	C15H26O3
CC(=CCOC1CCCCO1)CCC=C(C)CO	558937	GFZATMJPDSJPDS-UHFFFAOYSA-N	C15H26O3
CC1=C([C@@]2(CCCC([C@@H]2[C@H]([C@H]1O)O)(C)C)C)CO	98860602	SQUSSQHYJYXURV-ABHRYQDASA-N	C15H26O3
CCCCCC/C=C/C=C/C=C\OCC(CO)O	13915019	MNKKNCOHKGCYCC-CPIUXLSQSA-N	C15H26O3
C/C=C/1\CCCCCC[C@@H]1C(COC)C(=O)OC	100924036	QFVWMIWRTXUHAK-GFBAQQCBSA-N	C15H26O3
CC1CCCC2C1(C(OC(=O)C2C)OC(C)C)C	141787757	KAOHOUSPWJSDAG-UHFFFAOYSA-N	C15H26O3
COC(=O)C1(CO1)CCCCC2CCCCCC2	54288326	RVSQLRJUFMBQIV-UHFFFAOYSA-N	C15H26O3
CCCCCCCCCCCC1C(=CO1)C(=O)O	23064665	BOQGUNITAWVACD-UHFFFAOYSA-N	C15H26O3
C[C@@H]1CCCCCCCC[C@](/C=C/C(=O)O1)(C)O	10729635	RBTXCLZAAHGECJ-LEJUKPKUSA-N	C15H26O3
CCCCOC(=O)OCC=C(C)CCC=C(C)C	54269133	RIXGIPSGLYSXHO-UHFFFAOYSA-N	C15H26O3
CCCCC[C@H]1C[C@H](C(=O)OC1=O)CCCCC	59042680	LQLDVAOKNHPIJP-BETUJISGSA-N	C15H26O3
CCCCCC1=C(C=C(C=C1)O)O.CCOCC	70401685	JLMYJWSWDWQYDL-UHFFFAOYSA-N	C15H26O3
CCCC(C(=O)OCC)OCC1CC=CCC1C	83038629	IZZBQSWSVCCXGH-UHFFFAOYSA-N	C15H26O3
C[C@@H](CO)C1=CO[C@H]2[C@@]1([C@@H](C(CC2)(C)C)CO)C	101704602	XUJMIPJNPMYPOD-ZGFBFQLVSA-N	C15H26O3
CC.CC1=C(C(CC(C1=O)O)(C)C)CCC(=O)C	143492817	SKECOPNFDCTVIW-UHFFFAOYSA-N	C15H26O3
C[C@H](CCCC(=O)CC(=O)OC)CCC=C(C)C	24853912	PKBMGNSKHVTISU-ZDUSSCGKSA-N	C15H26O3
C[C@]1(CCCC2([C@H]3C1[C@@H](C2(C[C@@H]3O)C)O)C)CO	133556335	OLWYTMKUCGVHCZ-UPOXNVQMSA-N	C15H26O3
CCOCOC1CCCC=C1C2(CCCCC2)O	102244258	XZWLZFLGXKHGPZ-UHFFFAOYSA-N	C15H26O3
CC(CO)C(COC12CC3CC(C1)CC(C3)C2)O	140131544	SHTVHYHSRSEWBE-UHFFFAOYSA-N	C15H26O3
CCC1CC(=C(O1)CCCC(C)C)C(=O)OCC	20191545	DTRZBSQAVBMAGT-UHFFFAOYSA-N	C15H26O3
C[C@H]1CCC2CCC[C@@H]3C2[C@H](O1)O[C@@H]([C@@H]3C)OC	149323084	YAVQVCBPRSRRIL-SVXSGFPHSA-N	C15H26O3
CCCC[C@]1(C=C[C@H](O1)C(=O)OCC)C(C)(C)C	11334290	KRWISHDBFDQSFA-WFASDCNBSA-N	C15H26O3
CCCC[C@H]1[C@@H](OOC2(O1)CCCCC2)C(=C)C	44473749	KSOVIICBKAAOMV-KBPBESRZSA-N	C15H26O3
CC(C)CCOC(=O)/C=C/C1CCC(CC1)OC	44558714	IHKBABWBMWXOJB-RMKNXTFCSA-N	C15H26O3
CC(CCC=C(C)C)CC(=O)OCC1(COC1)C	91129325	GZOGEVVSGXGTKW-UHFFFAOYSA-N	C15H26O3
CCC1(COC1)CCOC2CCC(CC2)OC=C	141476490	AGBZWHDNILEPEH-UHFFFAOYSA-N	C15H26O3
CC(C)(COC1CCC2(CCCC(=O)C2)CC1)O	143238767	AOQMYETZHOJXAZ-UHFFFAOYSA-N	C15H26O3
C[C@@H]1CC(OC1=O)CCCC(=C)CCCCCO	153110059	CAHBMSZOPVNVRR-KWCCSABGSA-N	C15H26O3
C[C@]1(CC/C=C(\CC[C@@H]2[C@@H]1C[C@]2(C)CO)/CO)O	10682393	ZXXPPFVLMJDNBO-PNKIBKKSSA-N	C15H26O3
CC(CCC(C1CCCCC1=O)OC)CC(=O)C	12570588	HIAPAROGQDFTJR-UHFFFAOYSA-N	C15H26O3
CCCC1C(O1)CCC(=O)CCCCCC2CO2	21989563	NWICJSKJNUCZDM-UHFFFAOYSA-N	C15H26O3
CCOC(=O)C1(CO1)CCCC2CCCCCC2	54522319	YQRIZYQBGMXKSG-UHFFFAOYSA-N	C15H26O3
C[C@H]1CC[C@]2(O1)[C@@](CCCC2(C)C)(C)OC(=O)C	76966703	LTAWGWRPOGXHBD-TUKIKUTGSA-N	C15H26O3
CC(C)C(C)(C1(CCCCC1)OC(=O)C(=C)C)O	148688752	NTANZXNHNGTYMD-UHFFFAOYSA-N	C15H26O3
CC[C@H](C=CC[C@H](C)CCC=C(C)C)OC(=O)O	53921031	IKMAUIMLYSSDNO-ZIAGYGMSSA-N	C15H26O3
C[C@H]1[C@H](CC[C@]2([C@@H]1C(=O)[C@@H](CC2)[C@H](C)CO)C)O	21593119	JZHQQDMVDQEGFF-JVOIICGBSA-N	C15H26O3
CCOC(=O)C(C)C1CC(CCC1=O)C(C)(C)C	44149659	ZOZQCTPXDUIFGG-UHFFFAOYSA-N	C15H26O3
CC(=C)C1CC[C@](C1O)(C)CCC2(OCCO2)C	11299796	KJUUISLOQJJWCL-JXQTWKCFSA-N	C15H26O3
CCC(C)(C)C(=O)OC1C2CCCCC2C(O1)C	59360469	MRZFOQFSANUOAZ-UHFFFAOYSA-N	C15H26O3
C1CCCC(CCC1)(C2CCCCC2O)C(=O)O	80610170	CWFUDPKSCZQERO-UHFFFAOYSA-N	C15H26O3
CC(CCCC(=O)CC(=O)OC)CCC=C(C)C	13350955	PKBMGNSKHVTISU-UHFFFAOYSA-N	C15H26O3
C[C@H]1CCC(CC/C(=C/CC1O)/C)C(C)C(=O)O	144177494	GILXPQVBAZZKNH-ZLIAEIQPSA-N	C15H26O3
CC(C)[C@@]1(CC[C@]2([C@H]1[C@H](C[C@]3([C@@H](C2)O3)C)O)C)O	11379807	ZCDLQSJEDFNXTD-RUDNTAQLSA-N	C15H26O3
CCCC(CC/C(=C(\C)/C(=O)C)/C(=O)CCC)O	138527419	LEJIXUKNXVFDAN-KAMYIIQDSA-N	C15H26O3
CC(C)(C)C1(C2(O1)CCC3CCCCC3C2)OO	145847239	KDGOWUDHSJQDQB-UHFFFAOYSA-N	C15H26O3
CC(CCC(C)(C)O)C/C=C/C(=C/C(=O)OC)/C	21521939	KNGWFJYTLUFACC-VAFZVJGJSA-N	C15H26O3
C[C@H]1CC[C@@]2(O1)C(CCCC2(C)OC(=O)C)(C)C	70661872	LTAWGWRPOGXHBD-AXWJTWPOSA-N	C15H26O3
C/C(=C/CO[C@H]1CCCCO1)/CC[C@@H]2C(O2)(C)C	92247650	FMBZWMIOKDYASM-CUSVYIHLSA-N	C15H26O3
C[C@]1(CC[C@@H](O1)C(C)(C)O)[C@H]2CCC3(C(C2)O3)C	101336208	OYDWXRKXTLLENI-HPFPLBLASA-N	C15H26O3
CC(C)[C@@H]1CC[C@@]2([C@H]([C@@H]1C(=O)OC)CC[C@@H]2O)C	53348584	DKZZEQBOCAWBIH-XOBFJNJYSA-N	C15H26O3
CC1(C(O1)(C)C(=O)OC(C)(C)C)C2CCCCC2	134891157	ZNCHNJJELROPLO-UHFFFAOYSA-N	C15H26O3
C[C@@H]1CC[C@H]([C@@H](C1)OC(=O)[C@]2([C@@H](O2)C)C)C(C)C	21636898	JXJREBZBRPJBPB-NLRWUALESA-N	C15H26O3
CCC/C(=C(\CCC)/CC(=O)C(C)(C)C(=O)O)/C	132520913	TVSNYWAGKUIPIR-VAWYXSNFSA-N	C15H26O3
CCOC(=O)CCC(=O)C1CCC(CC1)C(C)C	66322100	YBBHYMBIBXJUSH-UHFFFAOYSA-N	C15H26O3
C=CC1C(CCC(C1O)O)CC2CCC(CC2)O	147591208	BAUWASMGVQSIRR-UHFFFAOYSA-N	C15H26O3
CC1CCC2C13CC(C(O3)(CC2(C)O)O)C(C)C	11507123	KWRPUMMZLSUEBO-UHFFFAOYSA-N	C15H26O3
CCC(C(=O)OC)C1(CC(CCC1=C(C)C)C)O	66039546	PJAWRBIDFWLHBO-UHFFFAOYSA-N	C15H26O3
CC(C)([C@H]1CCC(=C)[C@@H](CCC(=C)[C@@H](C1)O)O)O	132535	ZJQHXIIOVKOVID-BFHYXJOUSA-N	C15H26O3
CC(C)COCCOC1CC(=O)C12CCCCC2	113835881	VFCWVYXMIPUSQA-UHFFFAOYSA-N	C15H26O3
C[C@H]1[C@H](C[C@@H](C(=C2[C@H]1CC(C2)(C)C)CO)CO)O	23643843	GPDUBFUNTPFFDM-PUHVVEEASA-N	C15H26O3
CCCCC(CC)CC1(CCCCC1=O)C(=O)O	103574956	NVOYAJTYIXLYJU-UHFFFAOYSA-N	C15H26O3
CCC(=CCOC1CC(CC(C1)(C)C)C)C(=O)O	77100392	HAIJMPAMRUVOCS-UHFFFAOYSA-N	C15H26O3
CCOC(C)OCC.C=C.C1CC2C=CC1C2=O	66907574	ILFYIAQMRYTULI-UHFFFAOYSA-N	C15H26O3
CC(C)[C@]12CC[C@](O1)(C3CC[C@](C3C2O)(C)O)C	24893475	JNTOHIOAISZSEJ-KTCXKQTNSA-N	C15H26O3
CC(=CC(C/C(=C/CCC(C)(C=C)O)/CO)O)C	101495567	VURKHAGVKSEEQN-QPEQYQDCSA-N	C15H26O3
CC1(CCCC(C1=O)CC2(CCCCC2O)O)C	90943171	SCGVFNWSNOCTMU-UHFFFAOYSA-N	C15H26O3
CC1CC(CC(C1)C(=O)C2(CCOCC2)OC)C	113560030	JEPFLYREPHOQHQ-UHFFFAOYSA-N	C15H26O3
CC(C)[C@]12CC[C@](O1)([C@H]3CC[C@@]([C@@H]3[C@H]2O)(C)O)C	5320306	JNTOHIOAISZSEJ-SAAWNECCSA-N	C15H26O3
CC(C)[C@H]1CCC(=C)[C@@H](CC[C@]2([C@H]([C@@H]1O)O2)C)O	88089106	BLDFJCQBBCUILK-ZSAUSMIDSA-N	C15H26O3
CC(C)CC(C1CCCCC1)OC(=O)CC(=O)C	151046206	MDDHMSWYXVKIPT-UHFFFAOYSA-N	C15H26O3
CC(=C)C(=O)OCOC1C(CCCC1(C)C)(C)C	59217540	JUDVXVMYHYCJNR-UHFFFAOYSA-N	C15H26O3
CCCOCCOCC(=O)[C@H](C)C1CCC=CC1	148510692	MMLHPJLAMAAEBL-KWCCSABGSA-N	C15H26O3
CCCCC1CC2CCCC(C2)(C1)OC(=O)OC	148698299	NUWBTBZUIBNVMY-UHFFFAOYSA-N	C15H26O3
CC(C)(CCCCC(=O)O)C(=O)C1CCCCC1	57780830	UZUSBNYQGJHIOD-UHFFFAOYSA-N	C15H26O3
C[C@H]1C[C@@H](O[C@H]1CCCC[C@@H](C)C(=O)O)CC=C	135041240	GFHVPDBNGUWXPC-RFGFWPKPSA-N	C15H26O3
CCCCCC=C1CC(CC1C/C=C/COO)O	149576785	VZCZWPWSSSFZKD-QZEOAWFLSA-N	C15H26O3
C1CCCCOCCCCOC(=O)C=CCCC1	152745646	QUPWPPWMSDSBKD-UHFFFAOYSA-N	C15H26O3
C1CC1COCC2CCC(CC2)COCC3CO3	58856746	BPKJGEIDUJEWPK-UHFFFAOYSA-N	C15H26O3
CCC(CCC1CCCCC1)C(=O)OC2COC2	148838148	OUZROJJOYKNLLN-UHFFFAOYSA-N	C15H26O3
C1CCC(CC(C1)C2CCOC3(C2)CCOC3)O	79922630	FBAIWWIEGMEEIX-UHFFFAOYSA-N	C15H26O3
CCCCOC1CCCC2C1C(CCC2)C(=O)O	57178528	HYZMXSGEYOOLOS-UHFFFAOYSA-N	C15H26O3
CCC1CCC(CC1)C(=O)C(C)(C)C(=O)OCC	65389936	VBUTYABZQKDTSQ-UHFFFAOYSA-N	C15H26O3
CCC12CCCC(C1)CC(C2)CCOC(=O)OC	126547458	NCIAUHLHJRMIOE-UHFFFAOYSA-N	C15H26O3
CCC(C)(CC1CCC2(O1)CCCCC2)C(=O)O	113750665	JJCLLZUWPHLYIH-UHFFFAOYSA-N	C15H26O3
CC1CCC(C(C1)OC(=O)C2CCCO2)C(C)C	129808138	WSYRQMGOWGRIPS-UHFFFAOYSA-N	C15H26O3
C[C@H]1[C@@H]([C@H](C[C@@H]([C@@]12CC[C@@H](C2)C(=C)C)CO)O)O	154832046	NPIIWZCGVADPIE-RODWMJHOSA-N	C15H26O3
CC[C@@H]1[C@H](CC[C@]2(C1=C[C@H]([C@@H]2[C@H](C)O)O)CO)C	138966265	ASDDPLSDRNALML-RSMOPHFLSA-N	C15H26O3
C[C@@]12CC[C@H](C[C@H]1C(C(=O)CC2)(C)C)OCOC	10858026	QUGAJYLGMUJYSD-XUJVJEKNSA-N	C15H26O3
CCCC(CCC)C/C=C/1\CC(OC1=O)COC	154693614	GTALBEYUHRFEEP-UKTHLTGXSA-N	C15H26O3
CC(=CC(=O)OCCC1(CCCCC1)CCO)C	141223614	MFPWUWVSDOOODE-UHFFFAOYSA-N	C15H26O3
CCCCC(COC=C)OC(=O)C1CCCCC1	68508775	JGSDRIZVJZKGCG-UHFFFAOYSA-N	C15H26O3
CO[C@@H]1CC[C@]2([C@@H]1CC[C@H]2O)CCOCCC=C	10037954	IUCJCYBLXOPMHT-KBUPBQIOSA-N	C15H26O3
CCC.CCCCOCOC1=CC=CC(=C1)OC	142960721	GXWSMIKZMSUAHR-UHFFFAOYSA-N	C15H26O3
CC(=CCC/C(=C/CCC(=O)C(OC)OC)/C)C	11139695	CSCMHIFQXDTAJN-JLHYYAGUSA-N	C15H26O3
CCCCCC(CC(=O)C)(CC(=O)C)CC(=O)C	19106387	JIWYAGACZJHCHF-UHFFFAOYSA-N	C15H26O3
CC1CC2CC1CC2C(CC(=O)OC(C)(C)C)O	148123806	JTSCPVHCKMWDPZ-UHFFFAOYSA-N	C15H26O3
CC1CCCC(C1)(C2CCOC3(C2)CCOC3)O	79902279	ILUJQIRKKGZUII-UHFFFAOYSA-N	C15H26O3
CC(=C[C@H]1[C@@H](C1(C)C)C(=O)OCCCCCO)C	100715650	UWYHFDCZHVGLRR-QWHCGFSZSA-N	C15H26O3
C[C@]12CCCC([C@@H]1CC[C@@]3([C@]2(O3)CO)CO)(C)C	11032438	LJWKCFOZPIPNLX-MXAVVETBSA-N	C15H26O3
CC(C)C1=CC2C(CC[C@]2(C)O)[C@](CC1)(CO)O	44335287	IBEULDMGWROYNC-WUCCLRPBSA-N	C15H26O3
CC/C=C\C/C=C\COC(=O)OC(C)C(C)(C)C	58109016	FABAEQBFUWADMU-NQLNTKRDSA-N	C15H26O3
CCCCC[C@@H](/C=C/C12CC(CC1CCO2)O)O	141034289	QACRJSBTCJRQBL-ZUBASSFBSA-N	C15H26O3
CCC1CCC(C1)C(=O)C(C)C(=O)OC(C)(C)C	66337063	MMTKYOROIVODAE-UHFFFAOYSA-N	C15H26O3
C[C@@H]1[C@@H]([C@@H]2CC(C[C@@H]2[C@@]3([C@]1([C@@H](C3)O)O)C)(C)C)O	67518377	RPZHKNYPNXIQDG-CGBWJDLASA-N	C15H26O3
CC1=C[C@H]([C@H](CC1)[C@@]2(CC[C@H](O2)C(C)(C)O)C)O	101708810	VGDXLUIAJJCLIX-XFMPKHEZSA-N	C15H26O3
C/C/1=C/C[C@@H]([C@@](C/C=C/C(C[C@H]1O)(C)C)(C)O)O	21726328	UDOORQWVZRZXKH-KSMDSJBYSA-N	C15H26O3
CC1CCC(C(C1)OC(=O)C2CC2OC)C(C)C	139889637	HFFCLLMJQUQSNI-UHFFFAOYSA-N	C15H26O3
C[C@H]1[C@H](C[C@@H]([C@@H]1CO)C(=C)C)OC2CCCCO2	101390849	DFORAOXUZVUDJA-ARJVPZMDSA-N	C15H26O3
CCCCCCC1=CC(=O)[C@@H](O1)[C@@H](C(C)(C)C)O	12192337	MYUQNNJZJVZBJI-KGLIPLIRSA-N	C15H26O3
CCC=COCC(COC=CCC)OC=CCC	87166309	TUGKQPBNDYEFFW-UHFFFAOYSA-N	C15H26O3
C1CC(CCC1C2CC3CCC(CC3OC2)O)O	147700720	LCVJJGPIWSLCJM-UHFFFAOYSA-N	C15H26O3
CCCCC[C@@H](/C=C\C=C\CCCCC(=O)O)O	124636388	YMUBHSXLIUZNHH-NXDVOLAESA-N	C15H26O3
C1CCCC(CC1)([C@@H](C2CCCCC2)C(=O)O)O	92154522	XQOUFQTXPZMJTR-ZDUSSCGKSA-N	C15H26O3
CCCCCCCOC(=O)C1CCC(CC1)C=O	89495135	MRKZFLMOHUIEFN-UHFFFAOYSA-N	C15H26O3
CC1CC(CCC12C(O2)(C(C)C)C(=O)OC)(C)C	81314126	ORSMFAMPIFHDNR-UHFFFAOYSA-N	C15H26O3
CC(C)C(C(C1CC1)C(C2CC2)C(C)C(=O)O)O	71068422	YTJHOVGCXATQEU-UHFFFAOYSA-N	C15H26O3
CC(=O)CCC[C@@H]1C(CCC1=O)CCCCOC	154518166	ISDFUNSZHMUITR-ARLHGKGLSA-N	C15H26O3
C/C=C(\C)/C(=O)OC(C)(C)C1CCC(C(C1)O)C	138542724	YOZNHLAKXOPGTL-UXBLZVDNSA-N	C15H26O3
CC(C)C(=O)C1CCC(C(C1)O)C(=O)C(C)(C)C	148948791	XOSGXUYVOHXVNO-UHFFFAOYSA-N	C15H26O3
CC[C@@]1(CCC(=C(C1(C)C)[C@H](C(=O)C)OC)C)O	147914348	IGTPJLYXQAMCJU-ZFWWWQNUSA-N	C15H26O3
CC(C)[C@@H]1CC[C@@]([C@H]2[C@H]1[C@H]([C@H](C2)O)C(=O)C)(C)O	23786455	SCPKNPXTPRNPOH-JLZCTACVSA-N	C15H26O3
CC(C)(C1CCC(CC1)CCOC(=O)C=C)OC	147212842	CFNOYPAJMXAJDX-UHFFFAOYSA-N	C15H26O3
CC1=C[C@@](CC1)(CCCCO[C@@H]2CCCCO2)O	94037610	DZHJJXWHPOXXNY-CABCVRRESA-N	C15H26O3
CCCOC(=O)CCCCCCC1CCCC1=O	21420531	WKNFUEDKGCYXDH-UHFFFAOYSA-N	C15H26O3
C1CCCC(CCC1)(C2CCCC(C2)O)C(=O)O	147297438	CVKAVSHOJZWYED-UHFFFAOYSA-N	C15H26O3
CCCOC(=O)CCC(C)C(=O)C1CCCCC1	142629941	UZYQPWQKAFQGNN-UHFFFAOYSA-N	C15H26O3
CCC[C@@H](C=C)[C@H](C(C)C)C(=O)C(=O)OC(C)C	101126385	DMPMYYOETJOICW-OLZOCXBDSA-N	C15H26O3
C[C@@H]1C[C@](C1=O)(C2(CCC(CC2)C(C)(C)C)O)O	10587073	QQZJDEQPTLIJFT-WXUJTKTDSA-N	C15H26O3
CC1C(CC2(C1(C3CC(CC3(C2)O)(C)C)C)O)O	14487976	MXIZCSZWQVEQQV-UHFFFAOYSA-N	C15H26O3
CC[C@@H](CC(=O)[C@]1(C[C@H]2CC[C@@]1(C2(C)C)C)O)O	10634719	CBWZBPFSBGQXCV-BVIHXZOGSA-N	C15H26O3
C1CC[C@]2([C@H](C1)[C@@H](CC[C@@]3([C@@H]2CCCC3)O)O)O	12036586	DJVAPOXBWUUPEA-NIFZNCRKSA-N	C15H26O3
C[C@]12CCC[C@@](C1C3[C@H](C3(C)C)[C@H]([C@H]2O)O)(C)O	139583485	UUNJWBKYYKWZPR-BMNAANIRSA-N	C15H26O3
CCCCC(=C(C(=O)CC)C(=O)OCCCC)C	140224376	BPYTYYZNYYKICQ-UHFFFAOYSA-N	C15H26O3
CC([C@H]1C[C@]2(CCCC[C@]2(CC1O)C)C)C(=O)O	149971964	CVKZIBCEKAEVJT-JBDFUULCSA-N	C15H26O3
CCC(C)(C(=O)C1CCOC2(C1)CCCC2)OC	116746779	YDKIDWXFHDCGGW-UHFFFAOYSA-N	C15H26O3
COC(=O)C1C2(O1)CCCCCCCCCCC2	65914990	MKZUSKJDOIMVJM-UHFFFAOYSA-N	C15H26O3
CC(CCCC(C)(C)OC)CC1(CC(=O)C=C1)O	154214260	ORDMNUYENQAQDJ-UHFFFAOYSA-N	C15H26O3
C[C@@H]1C[C@H]([C@H]2[C@@H]1[C@H]3[C@H]([C@]3(C)CO)CC[C@@]2(C)O)O	11288278	DDVAVJSIHXELQF-WHNZPNJCSA-N	C15H26O3
CC(COC1CCCCC1)OC(=O)CCC2CC2	54327332	SVWKIPBIJZYHFN-UHFFFAOYSA-N	C15H26O3
C/C=C/COCC(OC/C=C/C)COC/C=C/C	59749956	JGHFMFLEWUTAIZ-OTWDQPKHSA-N	C15H26O3
CCCCCCCCCC(C1=C(COC1=O)C)O	129848528	DDEYBWPNIILLIQ-UHFFFAOYSA-N	C15H26O3
CCCCCCCCOC(=O)C1C(C1(C)C)C=O	23073747	ZWALVZACNOHGSQ-UHFFFAOYSA-N	C15H26O3
C1CCCCCCC(=O)OC(=O)CCCCCC1	85605070	LWJNFRDIXNYJQU-UHFFFAOYSA-N	C15H26O3
CCC(CC=C)C1(OCC2(O1)CCCC(C2)O)C	138625619	MQZUPOWSPWSXOF-UHFFFAOYSA-N	C15H26O3
CCCCCOC1CCCC(C1)OC(=O)C(=C)C	141237321	GQLPVTMHXRBDSX-UHFFFAOYSA-N	C15H26O3
C[C@]12C=C([C@H](C1(C)C)C[C@H]2O)CCCOCOC	11043302	QEQLKMBTSMNFAA-UMVBOHGHSA-N	C15H26O3
CC1(CCCO1)C(C2CCOC3(C2)CCCC3)O	80166036	GDSQZPDMXMVHQY-UHFFFAOYSA-N	C15H26O3
C#CCOCCCCCCCCCCCOC=O	88793160	AMCKBXXDFQVDCT-UHFFFAOYSA-N	C15H26O3
CC(C)C12CCC(O1)([C@H]3CC[C@@]([C@@H]3C2O)(C)O)C	6325765	JNTOHIOAISZSEJ-GTMWPXMTSA-N	C15H26O3
CCOC1CC(C1)(C2CCOC3(C2)CCCC3)O	106823437	IKADCAXAHGPWBS-UHFFFAOYSA-N	C15H26O3
CC1=C[C@@](CC1)(CCCCO[C@H]2CCCCO2)O	94037612	DZHJJXWHPOXXNY-GJZGRUSLSA-N	C15H26O3
CC1=CCC(C1(C)C)C=CC(C)C(C)OC(O)O	88042978	IYTNMMFXJCNDRS-UHFFFAOYSA-N	C15H26O3
CC(C)C(C)C(=O)C1CCOC2(C1)CCOCC2	115784619	UXNCKKJVEHTUJR-UHFFFAOYSA-N	C15H26O3
CCOC1CCCC(C1)OC(=O)C2CCCCC2	147989560	IUUHWEJSQROJKX-UHFFFAOYSA-N	C15H26O3
COC(C1CC1)C(C2CCOC3(C2)CCCC3)O	113555500	LKNDUOQQVZUAIL-UHFFFAOYSA-N	C15H26O3
CCCCOC1C=CC(=CC1OCCC)C(C)O	149442042	YVYFZVOKRLYVMN-UHFFFAOYSA-N	C15H26O3
CCCCC(=O)C(CCC(C=CCCO)O)C=C	57121966	CZANKCHMXROVPD-UHFFFAOYSA-N	C15H26O3
CC(=CCC[C@@]1([C@H](O1)CC[C@]2([C@@H](O2)CO)C)C)C	44248349	QXKLKOTUJQIWOJ-BARDWOONSA-N	C15H26O3
CCOCCCCCCCC(=O)OC(C=C)C=C	60011114	DXTXGGAPKFEEKE-UHFFFAOYSA-N	C15H26O3
CC(C)C1=C[C@H]2C(CC[C@]2(C)O)[C@](CC1)(CO)O	10037952	IBEULDMGWROYNC-WLUIXCMPSA-N	C15H26O3
CC1CC(CC(C1)(C)C)OC2(CCC2)CC(=O)O	113796874	UHEPVJMUEXXYAV-UHFFFAOYSA-N	C15H26O3
C1CCCCC(=O)OCCCOCC=CCCC1	77763134	ZLCJMJWRSFUEGU-UHFFFAOYSA-N	C15H26O3
CCC(CC)(C1CC2CCC1O2)OC(=O)C(C)C	148257094	ACMBZAHKWKMZGG-UHFFFAOYSA-N	C15H26O3
C/C/1=C/CC(C(C2CC2(C(CC1)O)C)O)(C)CO	138990057	OTUZIIONDAYUNA-POHAHGRESA-N	C15H26O3
CC(C)OCC(C)C1(CCCC1)OC(=O)C(=C)C	152993509	UWTBYTHNHIMWIB-UHFFFAOYSA-N	C15H26O3
C[C@@H]1CC[C@@]2([C@]1(C[C@H]([C@@H](C2)O)C(=O)C)O)C(C)C	91502445	GJMUCKZTKQMBAK-MYBUGEPTSA-N	C15H26O3
CCCC/C(=C\C(=C/OC1CCCCO1)\C)/OC	101437039	YNLFCWNHHUMQBE-OGHGCCBLSA-N	C15H26O3
CC(C)COC(=O)C(=CC1CCCCC1)COC	140223613	XCSCNNVVVVMGNY-UHFFFAOYSA-N	C15H26O3
CC[C@@H]1CCCC[C@H]1OC(=O)CC[C@H]2CCCO2	124840643	IXZHSMKWHNVMBX-MGPQQGTHSA-N	C15H26O3
CCCCCCCCOC(=O)CC12CC1COC2	101395824	NDCJOZJTYZKWMV-UHFFFAOYSA-N	C15H26O3
CC(C)(C)[C@H]1CCC2([C@@]3(C1)CCCO3)OCCO2	93971353	XRCZYVAXRRTSLN-JSGCOSHPSA-N	C15H26O3
CC(C)COC(=O)O[C@](C)(CCC=C(C)C)C=C	44226533	KISPTTIJXTUTJW-HNNXBMFYSA-N	C15H26O3
C[C@H](COC(=O)C)[C@H]1CC[C@@H]2[C@@]1(CCC[C@@H]2O)C	58987878	MYZVVUWAOHSWRF-JSFFLRCESA-N	C15H26O3
CC(CC1CCC1)(C2CCOC3(C2)CCOC3)O	116224496	GHPKZXFMHWYBPY-UHFFFAOYSA-N	C15H26O3
CCC(C(=O)C1CCOC2(C1)CCCCC2)OC	113554776	YNLZOAUCUFBTKL-UHFFFAOYSA-N	C15H26O3
C[C@@H]1CC[C@H]([C@@H](C1)OC(=O)[C@@H]2C(O2)(C)C)C(C)C	101937628	WLUQHQMYMFBNPV-YVECIDJPSA-N	C15H26O3
CC(C)CC(CC(C)C1CCC(=CC1)C(=O)O)O	14396625	HAXGVKXTARZQOC-UHFFFAOYSA-N	C15H26O3
CCCCC(CCC(C)(C)C)C1CC(=O)OC1=O	142051609	AOMUJSYFKJNTIM-UHFFFAOYSA-N	C15H26O3
CCCCCCOC1(CCC1)COC(=O)C(=C)C	150638834	IZLPTGUYEALALX-UHFFFAOYSA-N	C15H26O3
CCC/C(=C/OC(=O)O/C=C(/CC)\CCC)/CC	141707321	ZZBVBIFSXQDHJJ-HEEUSZRZSA-N	C15H26O3
CC(=O)OCC1(CC2CCCC(C2)C1)CCCO	146823563	SCMYWWAHXVUMPQ-UHFFFAOYSA-N	C15H26O3
CCCCC(C)C(=O)C1CCOC2(C1)CCOC2	114247061	XEKUOLQXNKHJJC-UHFFFAOYSA-N	C15H26O3
CC(=C)C(=O)OOCCCCCCCCCC=C	151682713	RAWMBGSVRQNKFL-UHFFFAOYSA-N	C15H26O3
CC(C)(CC=C)/C=C/C=C/COCOCCOC	10858025	WUQSNDKWJVZKPE-NBANWCDVSA-N	C15H26O3
CCO[C@H]1[C@H](C1(C)C)CC/C(=C/C(=O)OCC)/C	11054216	AUXLDQAFSRVSBM-DISFZNMFSA-N	C15H26O3
COC(=O)C1CCCCCCCCCCC(=O)C1	12120930	YSNSMBXWNPWFCB-UHFFFAOYSA-N	C15H26O3
CC(C)(C)CC(C)(C)OC(=O)C(=C)COCC=C	141275922	NBMIRXLKAPYTBT-UHFFFAOYSA-N	C15H26O3
CC.CC=C.COCC1COC(=C(O1)C=C)C=C	143613667	DPGLACFOFAXTOC-UHFFFAOYSA-N	C15H26O3
C1CCCC(CCC1)(CC2CCCCO2)C(=O)O	80609947	MDZTWFZHPBMEGI-UHFFFAOYSA-N	C15H26O3
CCCCC(=C=CC(CO)OC(=O)C)CCCC	46185559	IXHIHGLRHOPKSK-UHFFFAOYSA-N	C15H26O3
CC1C(CCCC1(C2CCCCC2)C(=O)O)OC	149775843	BIDUADFTHAHCPR-UHFFFAOYSA-N	C15H26O3
CCCCC/C=C/[C@H](C/C=C/CCC(=O)O)OC	138963732	FUJRMXXSFDUWLB-AVRLFSQNSA-N	C15H26O3
C1CCC(CC1)OC2CCCC(C2)C3OCCO3	148506268	PRBSYJNRPFXBIJ-UHFFFAOYSA-N	C15H26O3
C1CCC(CC1)CCC2(CCCCC2)OC(=O)O	150009226	DCYFYAXYMGNCOS-UHFFFAOYSA-N	C15H26O3
CCCCCOC(=O)CC1CC(C1(C)C)C(=O)C	53998911	KKCKYETXWDTIHB-UHFFFAOYSA-N	C15H26O3
CC(C)(C)OOC(C)(C)C#CC1(CCCCC1)O	909099	KZUDCCMVSPPPHP-UHFFFAOYSA-N	C15H26O3
C[C@@H](/C(=C/C1CCCCC1)/C(=O)OC(C)(C)C)O	44605321	PUXIUJPOMSIEPZ-KBICQTFXSA-N	C15H26O3
CCCCCCOC(=O)C(=CCC(C)C)C(=O)C	140224464	RYBIWUVCFXZFFR-UHFFFAOYSA-N	C15H26O3
C[C@]12CC3(C[C@]1(COC2)C)OC(C(O3)(C)C)(C)C	122394046	HRRHMQWZIHCCQT-OKILXGFUSA-N	C15H26O3
CC(C)C1CCCC(C1)C(=O)OC2CCCCO2	20698006	XQQHXMBRDTVKRF-UHFFFAOYSA-N	C15H26O3
CC(CC(=O)OC1CC(CCC1C(=C)C)(C)C)O	122582343	OJCRAAJDMSORRM-UHFFFAOYSA-N	C15H26O3
C1CC1CCCCCCC(=O)CCCCC(=O)O	154319539	PZORHMWSLLQWAN-UHFFFAOYSA-N	C15H26O3
CC1(CCC(CC1)C2CCC3(CC2)OCCO3)O	130176637	PCJPNCDPDRHBHJ-UHFFFAOYSA-N	C15H26O3
C[C@H]1[C@@H]2CC[C@@]3([C@@]2(C[C@@H]1O)[C@@H]([C@](C3)(C)CO)O)C	132609425	FETXQBIMNAANDV-UDSBVESLSA-N	C15H26O3
CC(C)([C@@H]1CCC(=C)[C@H](CCC(=C)[C@H](C1)O)O)O	46173955	ZJQHXIIOVKOVID-RDBSUJKOSA-N	C15H26O3
CC.CCCOC1=C(C=CC=C1COC)COC	145575814	GVRZSALOJRXCKM-UHFFFAOYSA-N	C15H26O3
CC(CCC=C(C)C)CC(=O)OCC1(CC1)CO	137492434	XDQALBDKSDRUSI-UHFFFAOYSA-N	C15H26O3
CC(CO)[C@H]1CCC2[C@@]1(CCC[C@@H]2OC(=O)C)C	143414200	FYONWDIYFMIDDE-BSNOSARKSA-N	C15H26O3
CCCCCCCCOC(=O)C1CCCCC1=O	14321232	WKMBUNYLEBPONE-UHFFFAOYSA-N	C15H26O3
CC.CC.CC1=CC(=C(C(=C1O)OC)C)C(=O)C	142240187	GSHNHAUFRGLXPC-UHFFFAOYSA-N	C15H26O3
C[C@H](CC/C=C(\C)/C=O)CCOC1CCCCO1	11172840	QKRUGVBUADUJKT-STZNCYHISA-N	C15H26O3
CCOC1(CCCCCC1)C(=O)C2CCCOC2	113921742	ICEVVDAANUITMY-UHFFFAOYSA-N	C15H26O3
CCCC(C(=O)C1CCOC2(C1)CCC2)OCC	116707875	VKUAXTZRVALWSN-UHFFFAOYSA-N	C15H26O3
CCCCCCC1(COC(=O)O1)C2CCCCC2	140224935	MKBTYDLIRJARBB-UHFFFAOYSA-N	C15H26O3
CCCC1CCC(CC1)C2CCC(CO2)C(=O)O	148365600	LLHPQLLCOWJNDM-UHFFFAOYSA-N	C15H26O3
C1CCCCCC(=O)[C@H](CCCC1)C2OCCO2	92259697	IWOUJVASWZCMLJ-ZDUSSCGKSA-N	C15H26O3
CC(C)(/C=C/CC(C)(/C=C/CC(C)(C=C)O)O)O	134822164	XLNXCFYJSBMHJC-BRVZEXMBSA-N	C15H26O3
CCOC1(CCC(CC1)C)C(=O)C2CCCOC2	113921740	ADQOFBDQQZXINX-UHFFFAOYSA-N	C15H26O3
CC(C)CC(=O)OC/C(=C/CCC(C)(C=C)O)/C	101356834	KJYMNPLQWSOOKV-MDWZMJQESA-N	C15H26O3
CCCC(=O)C(C)(C)C1CCOC2(O1)CCCC2	77756035	MNEUSQHGSWYUQL-UHFFFAOYSA-N	C15H26O3
C[C@]1([C@H](CCC2([C@]13C[C@@H](CC2)C(O3)(C)C)C)O)O	5316759	QDZQKRSRABUOAX-WUKKHIGPSA-N	C15H26O3
CCCCCCC/C=C/C1C(O1)CCCC(=O)O	20268743	LIAFJNSZUMJWAV-CSKARUKUSA-N	C15H26O3
CCC1C(O1)(CC)C(CC)(CC)/C=C(\C)/C(=O)O	87811984	OBMDLDZSTGPRMY-ZHACJKMWSA-N	C15H26O3
CC(C)CC(=O)OC(/C=C(\C)/CCC=C(C)C)O	129670258	QLAPDCGTLNYUSR-JLHYYAGUSA-N	C15H26O3
CCCCCOC(=O)C12CCCCCC1(O2)CC	89581725	NEAASFFWPQJJGS-UHFFFAOYSA-N	C15H26O3
CCCC/C(=C/C(C)C(C(=O)C)C(=O)OCC)/C	11777093	WKZBDJCZGHVEFO-ZHACJKMWSA-N	C15H26O3
CCCCC(CC)CC1(CCC2C(C1)O2)C(=O)O	18008307	AXRULSDLXCTWBS-UHFFFAOYSA-N	C15H26O3
C/C(=C/OC(=O)C(C)(C)C)/C1(CCCCC1)CO	101185361	YRWQGQQOKWXJJZ-BENRWUELSA-N	C15H26O3
CCCOCC(=O)C1CCOC2(C1)CCCCC2	79922323	DXQGRNZLXGCXMM-UHFFFAOYSA-N	C15H26O3
CCCC(=O)OCC(=O)[C@@]1(CC[C@@H](C1(C)C)C)C	7054287	ZISHAZSXGYJZLK-NHYWBVRUSA-N	C15H26O3
CCCCCC(C=CC1CC[C@@H]2[C@@H]1C[C@H](O2)O)O	53921421	IKSMMTNVMQPHJT-ODGNXRKOSA-N	C15H26O3
CCC1CCCC(C1)C(=O)C2(CCOCC2)OC	116748740	VDYMVVSIORQKOC-UHFFFAOYSA-N	C15H26O3
CC1(CCCC(C1OCCC(=C)C(=O)O)(C)C)C	68749075	HESTUOWTVJBFRF-UHFFFAOYSA-N	C15H26O3
CC1(CC(C(=O)[C@@H]1CC(=O)OC(C)(C)C)(C)C)C	135208326	BKKAJBWCGDSPRL-JTQLQIEISA-N	C15H26O3
CC/C=C/OC(O/C=C/CC)(O/C=C/CC)CC	87274458	QJQBBYULBVBEBK-TXCHTVKQSA-N	C15H26O3
C[C@H]1C[C@@H]([C@@H](C(=C2[C@H]1CC(C2)(C)C)CO)CO)O	146684398	PJUHQEIKCZOLQE-ZNIXKSQXSA-N	C15H26O3
C=CCCCOC[C@@H]1[C@H](CCCO1)OCCC=C	10634717	ZAWIUMXXDRLKIZ-LSDHHAIUSA-N	C15H26O3
CCC1(CC2CC1CC2OC(=O)C(C)(C)CC)O	124084554	YYZVGMUUSRODGB-UHFFFAOYSA-N	C15H26O3
CCCC(CO)(COC(=O)C=C)C1CCCCC1	149999806	DBAUJJSUGKEJTD-UHFFFAOYSA-N	C15H26O3
CC1CCC(CC1)C(C)(C)OC(C)OC(=O)C=C	68779972	WCKINRQYYVTDQC-UHFFFAOYSA-N	C15H26O3
CC(C)C1=CC2C(CC[C@@]2(C)O)[C@](CC1)(CO)O	146682416	IBEULDMGWROYNC-CVSAEHQPSA-N	C15H26O3
CCCCCCC12C(CCCC1(O2)C(=O)O)CC	87614910	YGPCHWMCKDALKD-UHFFFAOYSA-N	C15H26O3
CCC(C)(C)C(O)OC12CC3CC(C1)(CC3C2)O	147787604	HIZRZYCZFUOKKV-UHFFFAOYSA-N	C15H26O3
CCC1=CC(C(C1)C)(O)OOC2CCC(CC2)C	142199683	DZBVZXZREREEQO-UHFFFAOYSA-N	C15H26O3
CC(C)(C)OC(=O)CC[C@@]1(C[C@H]2CC[C@@H]1C2)CO	101231589	POEZMXMKBZJVHH-YWPYICTPSA-N	C15H26O3
CC1CCCCC1C(C2CCCCC2)(C(=O)O)O	275015	NPXUDXYRWYLQID-UHFFFAOYSA-N	C15H26O3
CCC(=O)OCC(C)(C)OC(C)C1CCC(=C)C1	89269228	QAYFOHWLWHLNRF-UHFFFAOYSA-N	C15H26O3
CC(C)(C)C1CCC(CC1)C(=O)OCCOC=C	92003260	RIRMRNVEGMTQCR-UHFFFAOYSA-N	C15H26O3
CCCCCC=C[C@H]1[C@@]2(CO2)[C@H]([C@H](CO1)C)OC	88352580	YVTPNZFLJHOMQC-AJNGGQMLSA-N	C15H26O3
CCC1C(O1)CCCC(=O)CCCCCC2CO2	88188546	SDONPIRPWCCVGS-UHFFFAOYSA-N	C15H26O3
C[C@]12CCCC([C@H]3[C@@H]1[C@@H](C[C@@]2([C@@H]3O)CO)O)(C)C	139587999	CQDABUCMSTZACG-PUUNCGEASA-N	C15H26O3
CCCCC[C@@H]1C[C@H](C(=O)OC1=O)CCCCC	145731515	LQLDVAOKNHPIJP-CHWSQXEVSA-N	C15H26O3
CCCC(=O)C(=O)OCC[C@@H](C)CCC=C(C)C	101067839	ITONWBLTESQENH-ZDUSSCGKSA-N	C15H26O3
C[C@@H]1CCC(=O)[C@]2([C@]1(C[C@@H](CC2)C(C)(C)O)C)O	15489009	DMOVMBBPOKSGBH-HKCMKHECSA-N	C15H26O3
C1CCC2(C1)CC(CCO2)OC3CCC(CC3)O	113414275	MVBYNZPLHOXADA-UHFFFAOYSA-N	C15H26O3
CCCCOC(=O)C(=C(C)CC(C)C)C(=O)CC	140224393	RMNBUWMYFQJMHP-UHFFFAOYSA-N	C15H26O3
C1CCCCCOC/C=C/C(=O)OCCCCC1	88316677	MSIZWNQIQQGZPO-ZHACJKMWSA-N	C15H26O3
CC(=CCC[C@@H](C=C)[C@@H]([C@H]1COC(O1)(C)C)O)C	101474188	GRNBFUCJKMVORQ-MCIONIFRSA-N	C15H26O3
CO[C@H]1[C@H](CCC2C1CC3CCCCC3C2O)O	147991522	IVDYMSFDJWPBFF-LBFWUYNCSA-N	C15H26O3
CC(C)(C)OC(=O)C1CCC2C(C1)CCCC2O	139789041	RINCONNYUYPHIV-UHFFFAOYSA-N	C15H26O3
CC1(CCC(CC1)(C(=O)C2CCOCC2)OC)C	116750260	LJEYGTUMMHROHI-UHFFFAOYSA-N	C15H26O3
CCO[C@]12CC[C@H]3[C@@](C1)(CC[C@@H](C3(C)C)O)CO2	23631616	XBNJLZVAJPMMME-OSRDXIQISA-N	C15H26O3
CC(C)(C)OC(=O)CC[C@H]1[C@H](O1)C2CCCCC2	101524238	QLLBYBNTRNGZBD-GXTWGEPZSA-N	C15H26O3
C[C@]1(CC[C@@]23C[C@@]1(C([C@@H]2CC[C@H]3CO)(C)C)O)O	637207	PNZRRWGHPDEJKW-OPYWOCCESA-N	C15H26O3
C[C@@]12CC[C@H](C[C@]1(C(=C)[C@H](CC2)O)O)C(C)(C)O	102054053	XCCCZSYNQKEDMD-PAPYEOQZSA-N	C15H26O3
CCCCC(=O)OC(C)C.CCC1=CCCC1=O	143896590	VDWDAHCNYJCRLW-UHFFFAOYSA-N	C15H26O3
CC(C1CCCC(C1)(C)C)OC(=O)CCC(=O)C	153611470	IAFSKWRSSIATKE-UHFFFAOYSA-N	C15H26O3
CCCCC1(CCCCC1OCC)OC(=O)C=C	58734820	MWBDFHJXEKDFGU-UHFFFAOYSA-N	C15H26O3
CCCC1CCC(CC1)C(=O)CCC(=O)OCC	10729638	AFNNQXRVJYCVFB-UHFFFAOYSA-N	C15H26O3
CC1CCC(OC1=O)CCC2CCC(CC2)OC	71195636	YWTQKCLQJFQIOQ-UHFFFAOYSA-N	C15H26O3
CCCCC1(CC2CC(CC1C2)C)OC(=O)CO	148677587	NQYJQUGCXZVYMH-UHFFFAOYSA-N	C15H26O3
C[C@H]1CC[C@]([C@]1(C)O)(CCC=C)C(=O)OC(C)C	129011745	NPQLMELMZYJFNZ-NWANDNLSSA-N	C15H26O3
CCCCC(C(=O)C1CCC(C1)CC)C(=O)OC	80045765	RZAQVZYAVNCZQK-UHFFFAOYSA-N	C15H26O3
CC(CCCC(=COC(=O)O)C)CCC=C(C)C	145811788	JSKUARRNCCJRSQ-UHFFFAOYSA-N	C15H26O3
CCC(C)C1C(C(=O)OC1=O)CC(C)C(C)CC	149489312	ZEUDKRMENTUPSL-UHFFFAOYSA-N	C15H26O3
CCC(OCC=CC)(OCC=CC)OCC=CC	53747244	CYRNFHKAOPVXFT-UHFFFAOYSA-N	C15H26O3
CC1(CC2CC(C1)CC(C2)OC(=O)C(C)(C)C)O	154536825	CXVYURQCXMXHPM-UHFFFAOYSA-N	C15H26O3
CCC(=O)CC(=O)OC(C)C1CCCC(C1)(C)C	153611469	CUXPSIOALKGPBE-UHFFFAOYSA-N	C15H26O3
CCCCCCCCCC(C#CC(=O)OCC)O	19433168	VAKLLTRIQRTOFA-UHFFFAOYSA-N	C15H26O3
C[C@@]12CCC3(C([C@H]1CCC[C@H]2O)(C)C)OCCO3	135132169	IQKUOSPRXDECFT-YRGRVCCFSA-N	C15H26O3
C[C@@H]1CC[C@H]2[C@H](CO[C@@H](C2[C@H]1CCC(=O)C)O)C	102023346	BZTRTQXICHCWTD-WOPCHVMGSA-N	C15H26O3
CC1CCC(CC1)OC2CCC3(CC2)OCCO3	104455390	ILAMKTJUWZPHOZ-UHFFFAOYSA-N	C15H26O3
CC.CC.COCC1COC2=C(O1)C=CCC=C2	143613658	YJXNZPBAONVLRB-UHFFFAOYSA-N	C15H26O3
CCC1CCCC(C1)C(=O)C(CC)C(=O)OCC	65415827	KZNDSKZHCCPBLF-UHFFFAOYSA-N	C15H26O3
CCC(=O)OC1(CC1)C2(CC2)C3CC3.CC(C)O	117760803	FMPHOYRKXHUACK-UHFFFAOYSA-N	C15H26O3
CC(CC/C=C(\C)/CCC=C(C)C)OC(=O)OC	15677783	FGTOVZDIQPKMGE-JLHYYAGUSA-N	C15H26O3
CCC(C(C)C1C(O1)CC(C)(/C=C/C=C\C)O)O	155139378	FFUUPCKXUNQFOC-SUHGFZJFSA-N	C15H26O3
C[C@@H]([C@H]1CCC2[C@@]1(CCCC2=O)C)C(OC)OC	70310594	FXUVMZRJUQLXGF-CILLMYQWSA-N	C15H26O3
CCOC(=O)C[C@@]1(C=C(C[C@@H](O1)CC(C)C)C)C	71478134	JQBHTKSNRQCYER-ZFWWWQNUSA-N	C15H26O3
CC(=CCC/C(=C/CCC1(OCCO1)C)/CO)C	23466469	NPWSMFONTUSCDT-ZSOIEALJSA-N	C15H26O3
CC(=CCC/C(=C/CC[C@@H](CO)C(=O)OC)/C)C	102305564	HCGCGHAQIMWQBX-SSUFTNFISA-N	C15H26O3
C1CCCCCCOC(=O)CC(=O)CCCCC1	12827183	SYDOFQKGXFSEGQ-UHFFFAOYSA-N	C15H26O3
CC.CC.CC1=C(C=CC(=C1)C(=O)OC)COC	145696003	WWZRQPHTWALDPN-UHFFFAOYSA-N	C15H26O3
CCOC(=O)CC(C)(CCC(C(=C)C)O)/C=C/C	101630430	HRCLDUPTTISJKF-RMKNXTFCSA-N	C15H26O3
CCCCCCC(C)OC(=O)C(=C)COCC=C	141275924	OFGWWGZGHXGFJY-UHFFFAOYSA-N	C15H26O3
CC1CCC(CC1)OC2CCC(CC2)C(=O)OC	113587148	AEDAKJXMVFVPKV-UHFFFAOYSA-N	C15H26O3
CC(=CCO)CCC=C(C)COC1CCCCO1	69551788	YDZGVMBMEMKXNF-UHFFFAOYSA-N	C15H26O3
C[C@@H]1CCC(=CC1)C[C@H](C2COC(OC2)(C)C)O	10106380	NITDTXJPFUKOEH-SMDDNHRTSA-N	C15H26O3
CCC(C(=O)OCC)C1(CCCC(C1)C2CC2)O	64624869	ULYDWZMQENKNLM-UHFFFAOYSA-N	C15H26O3
C1CCC(CC1)C(CC(=O)O)(C2CCCCC2)O	19711181	AYGFFNMMSVPMDQ-UHFFFAOYSA-N	C15H26O3
CCCCOC1CCC(=C1C(=O)OC)C(C)(C)C	14926769	AMBJJSQWDBJICB-UHFFFAOYSA-N	C15H26O3
CC(C)[C@@H]1[C@@H](C[C@]2([C@@H]([C@@H]2[C@@H]1O)CCC(=O)C)C)O	101702151	ZZIAFVLVIODAMJ-OJVARPOJSA-N	C15H26O3
C/C=C(\C)/C(=O)OCC(C)(CO)C1CCCCC1	88375356	MZDFYTTVYUOBFP-UUILKARUSA-N	C15H26O3
CCCCCC1(CC2(C(O1)CC(=O)O2)CC)CC	102213723	QJCQCABFXUMGJK-UHFFFAOYSA-N	C15H26O3
C[C@]1(CCCC1(C)C)C2C[C@H]([C@@]([C@@H]3[C@H]2O3)(C)O)O	102375823	WKPUMUUKOQIOFA-MLIULEKKSA-N	C15H26O3
CCCCCCCC(=O)C(=O)OCCC=CCC	152310686	WRIDVCLRHXAYHR-UHFFFAOYSA-N	C15H26O3
CC(C)CCC(C)(C)C(=O)CCC(=O)OCC=C	155130231	BNWIUJHEXHSEPE-UHFFFAOYSA-N	C15H26O3
CC(C(=O)C1(CCCCCCCCC1)C)C(=O)O	140837868	PVNNZGVRHMAGGH-UHFFFAOYSA-N	C15H26O3
CCC1(CC(CC(C1)(CC)OC(=O)C(=C)C)C)O	138600745	NUGZVJYZFOQWLS-UHFFFAOYSA-N	C15H26O3
CC1CCC(CC1)C(=O)OC2CCC(CC2)OC	58084994	YEQVRALPZONQTQ-UHFFFAOYSA-N	C15H26O3
CC(COC(=O)C)OC1CCCC1C2CCCC2	152199625	VUZHAAQBFLRCAC-UHFFFAOYSA-N	C15H26O3
CC(CCC(=O)O)C1CCC2C1(CCCC2O)C	154525594	WEIAUVZGEHGNNP-UHFFFAOYSA-N	C15H26O3
C[C@H]1C2CCCC([C@]2(CCC1O)C)C3OCCO3	68966188	UKBNANBSJXFIES-KBFPBJMPSA-N	C15H26O3
CCCCCCCCCCC[C@@H](C#CC(=O)O)O	129382937	NIWHGYHKMDOUBJ-AWEZNQCLSA-N	C15H26O3
C[C@H]1[C@@H](O1)CC(=O)O[C@H](C)[C@H]2CCCC(C2)(C)C	91063639	IWHMRYSTEXRISM-VOAKCMCISA-N	C15H26O3
C[C@H]1CCC(C2[C@@]1(C[C@@H](CC2=O)C(C)(C)O)C)O	58587124	YDDCJRLGNUBVOR-ZIERVCBMSA-N	C15H26O3
CCOC(=O)C(C(C)C)C(=O)CC1CCCCC1	141482757	ADGXOLFRBMEPRF-UHFFFAOYSA-N	C15H26O3
C[C@H]1CC[C@@H]([C@H](C1)OC(=O)[C@@]2([C@@H](O2)C)C)C(C)C	101940449	JXJREBZBRPJBPB-AIUMHDJVSA-N	C15H26O3
CCOC(C)OCC12CC3CC(C1)C(C(C3)C2)O	89309218	WOIGOPUHKZECLZ-UHFFFAOYSA-N	C15H26O3
CC[C@H]1CC(C[C@@H]2[C@H]1C(=O)CCC2(C)OC)CO	89744838	QCMHHFAMMQNSIX-GBZPBQOJSA-N	C15H26O3
CCCC1(C2(O1)CCC(C(C2)C)C)C(=O)OCC	83046947	OKAJADXWJKFACG-UHFFFAOYSA-N	C15H26O3
CC(C)CC1=COC(C(C1)C(=O)O)(C)CC(C)C	70503422	RFKKFVOWYPDELM-UHFFFAOYSA-N	C15H26O3
CC(C)(C)OC(=O)CC(C)(C1CC2CCC1C2)O	153039992	VFMLUTRBDGECQV-UHFFFAOYSA-N	C15H26O3
C[C@H]1C[C@@H]([C@H]([C@]2([C@]1(C[C@@H](CC2)C(=C)C)O)C)O)O	139590593	ZPZGGVVOEUMVOB-ZLCQRPCESA-N	C15H26O3
CCCCCCC#C[C@H](CC(=O)OC(C)(C)C)O	134934595	IUBSCVRNUBOAFC-CYBMUJFWSA-N	C15H26O3
CCC(=O)OC1CCC(CC1)C2CCC(CC2)O	147599324	FZUZEPASACVCFK-UHFFFAOYSA-N	C15H26O3
CC1CCC(O1)CC2(CCCCCCC2)C(=O)O	113780179	MTXBKDFQJIJUPE-UHFFFAOYSA-N	C15H26O3
CCCCC/C=C/CC(CC(=O)OC)C(=O)CC	101457167	IOOGSUXAEVDSAL-MDZDMXLPSA-N	C15H26O3
CC(=O)OC(CCCCCCCCO)CCC#C	86668335	MSDLSGANETUWGK-UHFFFAOYSA-N	C15H26O3
C[C@]12CCCC([C@@H]1C[C@@H]3[C@]([C@H]2CO)(O3)CO)(C)C	14433368	UCZFHQSMEWZNIN-QIRZIZBZSA-N	C15H26O3
CC(C)[C@@H]1[C@H](C[C@@]2([C@@H]1CC3(CC2)OCCO3)C)O	62706451	NNWSTMANDLRKGX-ZOBORPQBSA-N	C15H26O3
CC1=C(C(CCC1)(C)C)C=CC(C)O.CC(=O)O	71365265	IKJKDXQIBCVLNS-UHFFFAOYSA-N	C15H26O3
CC(C)(C)OCC(=O)C1CCOC2(C1)CCCC2	113682778	ZQDSWDBJKZMHOT-UHFFFAOYSA-N	C15H26O3
CCC1C2(CC2[C@H](C(O1)COC)OCC)CC=C	153048477	KNAIXGMDAMPRIO-WRHSUISWSA-N	C15H26O3
C[C@@H]1CC[C@H]([C@@H]2[C@H]1CCC(=C)[C@H]2OO)[C@@H](C)CO	21628190	ASSKMGQEBHTDAV-ISNQVGQNSA-N	C15H26O3
CC(CCC=CCC=CCCCO)CCC(=O)O	54477529	XMQJOKYILVVZFT-UHFFFAOYSA-N	C15H26O3
CC(=C)C1CC(CC(C1O)C(C)(C)C)C(=O)OC	89047102	JDDZLYGESWAHQY-UHFFFAOYSA-N	C15H26O3
CC(C)C1=C[C@H]2[C@@H](CC[C@]2(C)O)[C@@](CC1)(CO)O	100942915	IBEULDMGWROYNC-CBBWQLFWSA-N	C15H26O3
CC(C)CC/C=C(\C)/[C@H]1[C@@H]([C@@H](C[C@]12CO2)O)OC	11708641	BYNQTQCGWGHYMV-NLGFNRLMSA-N	C15H26O3
CCCCCCC(=O)C(=O)C(=O)CCCCCC	150841073	KNZPJRSKOLKQSJ-UHFFFAOYSA-N	C15H26O3
C[C@]12CCC[C@@]3([C@]1(O3)C[C@@H](CC2)[C@](C)(CO)O)C	101049331	HEQJEKLYQRVZQU-QMIVOQANSA-N	C15H26O3
CC(C)[C@@H]1C[C@H]([C@@]2([C@@H]1CC3(CC2)OCCO3)C)O	62706452	GVXMLPPIIPROLG-DGAVXFQQSA-N	C15H26O3
CC=CCCCCOC(=O)OCCCCC=CC	91006235	VZBZXOMHKJOVDZ-UHFFFAOYSA-N	C15H26O3
CCCC1CCCC(=O)CCCCCC2C(O1)O2	88188545	YINHZKOTOJDTPF-UHFFFAOYSA-N	C15H26O3
CC(=O)O[C@H]1CC[C@H]2CC[C@](O2)(CC1)C(C)(C)C	66553030	REENGDFBXKMKOG-KCQAQPDRSA-N	C15H26O3
CC(C)[C@H]1CC[C@]([C@H]2[C@@H]1C(=O)[C@@](CC2)(C)O)(C)O	129738334	HAGFDDLNLGPWKO-FPVZYODXSA-N	C15H26O3
CC1C(=O)CCC2(C1(CC(CC2)C(C)CO)O)C	574187	OPNVVQQUIKJXSH-UHFFFAOYSA-N	C15H26O3
C[C@@]12CCCC([C@@H]1CC[C@@H]([C@H]2C(=O)OC)O)(C)C	101048556	PNORERWVNDPBJT-JUFZMCDQSA-N	C15H26O3
CCCCCC[C@H]1CCCC[C@H]2[C@@H](O1)CC(=O)O2	101155133	MPEXIACBSLWSHB-IHRRRGAJSA-N	C15H26O3
CC(C1CCOCC1)C(=O)C(C)C2CCOCC2	152101769	VBJYRVFVHLOCMA-UHFFFAOYSA-N	C15H26O3
CC(C)[C@@H]1CC/C(=C/CCC(=C)[C@H]([C@H]1O)O)/CO	10400094	DXLKOOQBJKRNLJ-UBGVWAAISA-N	C15H26O3
CCC(C)(C)OC(=O)C1(CCC(=C)CC1)OCC	90364770	QYUDQRGXBNOCBD-UHFFFAOYSA-N	C15H26O3
CCOC(=O)C1CCCCCCCCCCC1=O	4463978	ZFGBLKFUXOMVBB-UHFFFAOYSA-N	C15H26O3
C[C@]12CC[C@@H]3[C@H](CC3(C)C)[C@@](O1)(CC[C@H]2O)CO	44250287	HDEDHTVUKLACPT-BUONHZGMSA-N	C15H26O3
CCCCCCC(=O)OCC1CCC2C(C1)(O2)C	151480950	PMLMZWXMPCWZCR-UHFFFAOYSA-N	C15H26O3
CCCC1(C2(O1)CCC(CC2C)C)C(=O)OCC	83047582	SSMDTEOZQINLBH-UHFFFAOYSA-N	C15H26O3
C[C@H]1CC(=O)[C@@]1(C2(CCC(CC2)C(C)(C)C)O)O	10706138	WXUYQMLIZWHCLL-RBJWDRSHSA-N	C15H26O3
CCCCCCC(=O)CC(=O)CCC(=O)CCC	145737921	UHWKFDOVZPJPCC-UHFFFAOYSA-N	C15H26O3
CCCCCCC1=COC(C1=O)(CCCCC)O	102355963	ZDYCVJFSBKFNPJ-UHFFFAOYSA-N	C15H26O3
CC1COC2(O1)CC(C(C(=C2)C)(C(C)C)O)(C)C	139606289	HECGKNSVLGVOKM-UHFFFAOYSA-N	C15H26O3
CC(C)(C)OC(=O)C1CC2CCCCC2CC1O	145789560	CYMABSVZIHLTFS-UHFFFAOYSA-N	C15H26O3
C/C/1=C/[C@@H](C[C@]2([C@@H](O2)[C@@H]([C@@H](CC1)C(C)C)O)C)O	101739996	SIRCULICGXIYIW-LJKUIOKNSA-N	C15H26O3
CCC(C)(C)CCC1C(C(=O)OC1=O)C(C)(C)C	88943671	WZRRAYRFGYHXSD-UHFFFAOYSA-N	C15H26O3
CC(C)OC(=O)/C=C/CCCCCCOCC=C	58451784	AWQCNYSPVHFORP-PKNBQFBNSA-N	C15H26O3
CCCCCCCCCC(=O)OC1(CO1)C=CC	151653779	QVBFYBSMIICTRX-UHFFFAOYSA-N	C15H26O3
CCC(CC)C(=O)C1CCOC2(C1)CCOCC2	115784622	FNNMJWYUCGVZHR-UHFFFAOYSA-N	C15H26O3
CC1=C[C@H]2[C@@](CCCC2(C)C)([C@@H](C[C@H]1OO)O)C	10901195	CSTOLBWLHATJKR-RGCMKSIDSA-N	C15H26O3
CCCCCC[C@H]1[C@@H](OC1=O)CC(CCC=C)O	87624094	FGRMZDNDNMUTII-TTZKSVMKSA-N	C15H26O3
CCCCCCCCCCCC(C#CC(=O)O)O	10682387	NIWHGYHKMDOUBJ-UHFFFAOYSA-N	C15H26O3
C[C@@H]1C[C@H]([C@@H]2[C@@H]3[C@H]1[C@]2(C[C@@H]([C@H](C3(C)C)O)O)C)O	10491184	WAQKPMHCWWMALU-RVBRGJKHSA-N	C15H26O3
CC(=C)[C@@H]1CC[C@@]2([C@@H](C1)[C@@]([C@@H](C[C@H]2O)O)(C)O)C	101098645	LOCSVDWMXKJDHP-BXLXJSPXSA-N	C15H26O3
CC(C)C1CCCC2(C1)C(O2)(C(C)C)C(=O)OC	107450569	CYKWQFHVBHHNPB-UHFFFAOYSA-N	C15H26O3
CCCOCCOC1CC(=O)C12CCCCCC2	66366641	ITHZMTQQRHPEQR-UHFFFAOYSA-N	C15H26O3
CCC1CC(C(O1)CC)C(=O)OC2CCCCC2	57783388	SOWKJGRHHVMQGO-UHFFFAOYSA-N	C15H26O3
COC1CCCC(C1)(C2CCOC3(C2)CCC3)O	113887686	KRBYPZQJBBYZCW-UHFFFAOYSA-N	C15H26O3
CC1CCCC(C1)(C2CCCC(C2)OC)C(=O)O	79425641	YEIBGRNDQLWCTC-UHFFFAOYSA-N	C15H26O3
CCCCC(CC)C1C(CCC2C1(O2)C)C(=O)O	88010789	MEENFPITEKGHIX-UHFFFAOYSA-N	C15H26O3
CCCC/C(=C\C)/C1[C@@H](OC(C1C=O)(C)CO)C	144444309	FPEBVJXJEMBDIM-XQCIQGBVSA-N	C15H26O3
C1CCC2(CC1)CC(CCO2)C(C3CCCO3)O	79922212	OIAXLUJQDUWPFS-UHFFFAOYSA-N	C15H26O3
CCOC(=O)C(=C)COC1CC(CC(C1)(C)C)C	64116229	CTJNQASUHJLMOI-UHFFFAOYSA-N	C15H26O3
C1CC[C@]2([C@H](C1)[C@H](CC[C@@]3([C@@H]2CCCC3)O)O)O	12036587	DJVAPOXBWUUPEA-CAEXGNQWSA-N	C15H26O3
CC(=CCCC1=CC(CCC1)CO)C.CC(=O)O	71364990	WUFIWDDCDWUGOX-UHFFFAOYSA-N	C15H26O3
C[C@@H]1[C@@H](C[C@H](C2[C@@]1(C[C@@H](CC2)C(=C)CO)C)O)O	101726936	OEPSOTFXCNFYRK-BDKZPBHDSA-N	C15H26O3
CCOC(=O)OC(C)/C=C(\C)/CCC1CC1(C)C	54771231	XDSCKEAUMUJAOH-PKNBQFBNSA-N	C15H26O3
CC1(OCCO1)CCCCCC#CCCCCO	59841792	ITXATUFPQTXAHZ-UHFFFAOYSA-N	C15H26O3
C/C/1=C/C(C(C2CCC(O2)(C(CC1)O)C)(C)C)O	101624468	GMYOIOXPNNQOMS-KTKRTIGZSA-N	C15H26O3
C/C=C(/CO)\C1=C(C(C[C@]1(C)CO)(C)C)CCO	101258396	GYABYKLKVQPSPD-NVWZYQMFSA-N	C15H26O3
CCCCCCC=CCOC(=O)CCCCC=O	139508920	YUZRXXKDRUHWBC-UHFFFAOYSA-N	C15H26O3
CCC1CC(CC(C1)(CO)OC(=O)C(=C)C)CC	68320183	YYDAPRNFXVIPKE-UHFFFAOYSA-N	C15H26O3
C/C=C\C(CO)/C=C(/CCCC1CCOCC1)\O	153214225	WMJSDWGPKHYFBC-MWXIRLOFSA-N	C15H26O3
CC(=CCC/C(=C/CC(C)(C)OOC(=O)C)/C)C	141148629	PSGPVBFBJNZUOW-JLHYYAGUSA-N	C15H26O3
CC/C=C\CC1C(CCC1OC)CC2C(O2)OC	154040774	SXOFGZAPJOPORQ-WAYWQWQTSA-N	C15H26O3
C1CCCCCOC/C=C\C(=O)OCCCCC1	139770308	MSIZWNQIQQGZPO-KHPPLWFESA-N	C15H26O3
CCCCCCOC[C@@H]1C[C@@]2(CC[C@H]1O2)CC=O	54095194	MWQBJHXGSZELTJ-RRFJBIMHSA-N	C15H26O3
C1CCC(CC1)OOC2CC3CC(C2)CC(C3)O	137390062	CBOGFYHWISGLSP-UHFFFAOYSA-N	C15H26O3
CCCCCCCC[C@H](CC1=C[C@@H](OC1=O)C)O	58867894	KHPNTJCRHORSLT-GXTWGEPZSA-N	C15H26O3
CC1(C2CCC1(C(C2)OCC(C)(C)C(=O)O)C)C	80391283	KZAOBZPCJXTARK-UHFFFAOYSA-N	C15H26O3
C1CCC(CC1)C2CC3CC(C(CC3OC2)O)O	147323497	DZXGHVOMPZAYHE-UHFFFAOYSA-N	C15H26O3
C/C(=C\COC1CCCCO1)/CCC2C(O2)(C)C	6091408	FMBZWMIOKDYASM-FMIVXFBMSA-N	C15H26O3
CC1(CCCC1(C2CCOC3(C2)CCOC3)O)C	79913706	IRGITHMFJYNMID-UHFFFAOYSA-N	C15H26O3
CCCCC(=C=CC(C(=O)OCC)O)C(C)(C)C	11265301	DLZQDKRTQWKWOD-UHFFFAOYSA-N	C15H26O3
C/C(=C\CC/C=C(\C)/COC1CCCCO1)/CO	14891309	IEZKHSFGGZXFPI-FNCQTZNRSA-N	C15H26O3
CCCCCCCCC#CCCCC(C(=O)O)O	153766147	LBMFIWJFFQMNPT-UHFFFAOYSA-N	C15H26O3
COC1CC(C1)(C2CCOC3(C2)CCCCC3)O	113881266	YHIHRNQFXYOYLX-UHFFFAOYSA-N	C15H26O3
CC(OC=C)OC(=O)C1(CCCCC1)C(C)(C)C	23028079	HVGCEPABOSRHMW-UHFFFAOYSA-N	C15H26O3
CC.COCCCCOCCOC1=CC=CC=C1	142390998	FVEVWMLBBJCGDK-UHFFFAOYSA-N	C15H26O3
CC1CC2C(C1(C)CC=O)CCCC2OCOC	153822893	HCWALZYWRIOJRY-UHFFFAOYSA-N	C15H26O3
COC(=O)C1CCC(CC1)OCC2CCCCC2	113587116	GPNXBHKRHSEPFR-UHFFFAOYSA-N	C15H26O3
CC.CCC(C(C)CC1=CC(=C(C=C1)O)OC)O	144448732	DSKXIFNPJXXSLC-UHFFFAOYSA-N	C15H26O3
C[C@@H]1CC[C@H]([C@H]2[C@H]1CC[C@@](C2)(C)O)[C@@H](C)C(=O)O	21580819	HSOPBTCGSYKCGY-CDWXYHGHSA-N	C15H26O3
CCOC(=O)C1CCCCCCCC(=O)CCC1	102059631	YCJAZILZZOXWOD-UHFFFAOYSA-N	C15H26O3
CC(CO)C1CCC2[C@@]1(CCC[C@@H]2OC(=O)C)C	57710541	FYONWDIYFMIDDE-BCGBJYBNSA-N	C15H26O3
CC1(CC1)CCCC(CCCC2(CC2)C(=O)O)O	68198751	RQXFGAIKVSZIJQ-UHFFFAOYSA-N	C15H26O3
CCCC1CC(C1)(C(=O)C(C)(C)C)C(=O)OCC	79554438	FBEFTZYQDXSPMN-UHFFFAOYSA-N	C15H26O3
CC(=C)CCCC1(CCCC2(CO1)OCCO2)C	13188189	MAOSVVKIXFNMLG-UHFFFAOYSA-N	C15H26O3
CC(=O)CCC1C2(CCCC(C2C(O1)O)(C)C)C	73813902	GPHISNUOPBFKJB-UHFFFAOYSA-N	C15H26O3
CC(C)OC/C(=C/CC/C(=C/COC(=O)C)/C)/C	101615017	QHAAHZASGGEHMU-UAUIHIKDSA-N	C15H26O3
COC1CCC(CC1)C2CCC(CC2)C(=O)OC	118673985	RYDJUDAVYPYYBS-UHFFFAOYSA-N	C15H26O3
CCC(CC)(C(=O)C1CCOC2(C1)CCCC2)O	113816458	DAWCJZMHCBPJNB-UHFFFAOYSA-N	C15H26O3
CCCC1(C2(O1)CCCC(C2)(C)C)C(=O)OCC	83048634	NQVWFRNAUFBTJX-UHFFFAOYSA-N	C15H26O3
CCOC(=O)C1(CC(C1)C(C)C)C(=O)C(C)(C)C	79554191	WTTWQNNBDZFCQE-UHFFFAOYSA-N	C15H26O3
CC(=O)C1CCCC(C1)(C)C.CC(=O)OCC=C	70509427	HCXRYDRETOWDNO-UHFFFAOYSA-N	C15H26O3
C[C@@]12CCC[C@H]3[C@H]1[C@@](CC[C@H]2O)(O[C@]3(C)CO)C	12085455	OBXYAPMEGAWGJQ-MZHQWRCYSA-N	C15H26O3
C/C=C\C=C/C(=C)CCC(CCCO)OCCO	143072925	QUKPYBRCYLWLIT-MRWCJKGFSA-N	C15H26O3
CC(C)(C)COC(=O)C[C@H](C=O)C1CCCCC1	89207402	DLMRYULSCSLQOU-CYBMUJFWSA-N	C15H26O3
C[C@@H]1CC[C@H](CC(=O)[C@H](CCC1=O)C)C(C)(C)O	124790262	LVQQCPAELDRSOD-GRYCIOLGSA-N	C15H26O3
CCOCC(C)C1(CCCCC1)OC(=O)C(=C)C	145549070	FSXIJNZYUWFYIM-UHFFFAOYSA-N	C15H26O3
CC1CCC(CC1C)C(=O)C2(CCOCC2)OC	113560057	YSJDFRIGLLULLA-UHFFFAOYSA-N	C15H26O3
C[C@@H]1C[C@H](CC([C@@]1(C=CC(=CCO)C)O)(C)C)O	56610275	JDKPJTIXGWNLIO-NFAWXSAZSA-N	C15H26O3
CCCCCCCCCCC1(CC(=O)OC1=O)C	153856862	MOZZTJJIHSKOKY-UHFFFAOYSA-N	C15H26O3
CC(CCC1C(O1)(C)C)C(CCC2(CO2)C=C)O	123983050	OCTZVRFDNBQNMY-UHFFFAOYSA-N	C15H26O3
CC(=CCC(CCCCC(=O)O)C(C)(C=C)O)C	91290728	KJWGDAXSUOHLEP-UHFFFAOYSA-N	C15H26O3
CC1CC[C@]2([C@@H](C1)O[C@]3([C@@]2(CC[C@@H]3O)C)CO)C	100969596	UUYQJFYJVPEIQG-JKMBVOABSA-N	C15H26O3
CC1CCC(C(C1)OC(=O)CCC(=O)C)C(C)C	11345826	DGNQIPGTNHTSGV-UHFFFAOYSA-N	C15H26O3
CCC1(C2(O1)CCCC(CC2)(C)C)C(=O)OCC	79298029	UKTIGBNWEQECTE-UHFFFAOYSA-N	C15H26O3
CC(=C)[C@@]1(CC[C@]2(CCC[C@@]([C@@H]2C1)(C)O)C)OO	91430810	KIWHIRYRAFVSRF-TUVASFSCSA-N	C15H26O3
C/C(=C\COC1CCCCO1)/CC/C=C(\C)/CO	5367918	GFZATMJPDSJPDS-BTLVJFLNSA-N	C15H26O3
CC(C)C1=C[C@@H]2[C@H](CC[C@@]2(C)O)[C@](CC1)(CO)O	100942914	IBEULDMGWROYNC-YJNKXOJESA-N	C15H26O3
C[C@@H]1CCC[C@@]2([C@H](C[C@@H]([C@H]2C1=O)C(C)(C)O)O)C	101222768	GAZSGUHGMIRSEQ-JLPNCARGSA-N	C15H26O3
C[C@@]1(CCC[C@@]2([C@H]1CCC(=C2CO)CO)C)CO	139586542	LXCQUISXGHAMOS-ZNMIVQPWSA-N	C15H26O3
CCCC(=O)OCC(=O)[C@]1(CC[C@@H](C1(C)C)C)C	7054288	ZISHAZSXGYJZLK-XHDPSFHLSA-N	C15H26O3
CCC(CC(C)(C)C)C(C)C1CC(=O)OC(=O)C1	147842360	HTFIZRQXPHMBBO-UHFFFAOYSA-N	C15H26O3
C[C@]12CC[C@H]([C@](C1)(C[C@@H]([C@@H]3[C@@H]2CC3(C)C)O)O)O	53493188	YQHLSOPZTPZIDZ-UVGOUCATSA-N	C15H26O3
CCCCCCCCCC=CC=C(C(=CO)O)O	139766636	SKSRYRKPJOYSIJ-UHFFFAOYSA-N	C15H26O3
C[C@@H]1CC[C@H]2[C@H](CO[C@@H]([C@@H]2[C@H]1CCC(=O)C)O)C	21631212	BZTRTQXICHCWTD-IOVJWZCBSA-N	C15H26O3
CCCCCC(CCC(C1=COCC=C1)O)CO	70420690	HXLCWIAYWFXTJC-UHFFFAOYSA-N	C15H26O3
CC(C)C(=O)OCCC1(CC2CCCC(C2)C1)O	147843127	HTJAXMKHHZWVCF-UHFFFAOYSA-N	C15H26O3
C[C@H](C1=C(C1)CC2[C@H](OC(O2)(C)C)CO)C(C)C	153070212	VLEYPODTCFHIIT-WOPFXOFLSA-N	C15H26O3
C[C@@]12CC[C@H]([C@@H]([C@H]1C(=C)CC[C@H]2O)O)C(C)(C)O	10729639	QKBVORVZDRLDSS-NTASLKFISA-N	C15H26O3
CC1([C@@H]2C[C@H]1C(CC2COC(=O)C(C)(C)C)O)C	153411306	GQVGIXWYVFNBIV-UPOSSJBDSA-N	C15H26O3
CCC(C)C(=O)OC1CC2CC1C(C2)C(C)(C)O	124084428	GFBJVSJDOFSJNC-UHFFFAOYSA-N	C15H26O3
COCCCC(=O)O[C@@H]1CC[C@H]2CCCC[C@H]2C1	124858771	REVMRPMUHJASAP-HZSPNIEDSA-N	C15H26O3
CC(C)[C@@]1(CC[C@]([C@H]2CCC(=C)[C@@H]2[C@H]1O)(C)O)O	102280072	QPSWXDQIUBPFIO-SBJFKYEJSA-N	C15H26O3
C[C@H]1CC[C@@H]2[C@H]1[C@H](CCC[C@@]2(C)O)[C@@H](C)C(=O)O	139591199	HQEHOUBUOJUOIA-FSTWUICMSA-N	C15H26O3
CCCCC(C)CCC1C(C(=O)OC1=O)C(C)C	149351034	XOFMFKWUBOISSL-UHFFFAOYSA-N	C15H26O3
CC(C)C12COC(OC1)(OC2)C3CCCCCC3	175758	AHNVODNCOKVXDF-UHFFFAOYSA-N	C15H26O3
C[C@@H]1C[C@H](CC([C@@]1(/C=C/C(=C/CO)/C)O)(C)C)O	18610604	JDKPJTIXGWNLIO-USGXOTKMSA-N	C15H26O3
CCCC(OC1=C(CCCC1(C)C)C)OC(=O)C	579301	ARPFYHSQRGKVDX-UHFFFAOYSA-N	C15H26O3
CC1CC(OC2(O1)CC3CCC2(OC3(C)C)C)C	101167334	LNZCPVCQNLCMNY-UHFFFAOYSA-N	C15H26O3
CC1CCCC1(C2CCOC3(C2)CCOCC3)O	79913405	WRXMMRRFNXGURT-UHFFFAOYSA-N	C15H26O3
CCOC(=O)C(CC1=CCC(CC1)C(C)(C)C)O	102328741	PHPAKSGKMOAXCI-UHFFFAOYSA-N	C15H26O3
CCCCCC/C=C\COC(=O)CCCCC=O	134507388	YUZRXXKDRUHWBC-XFFZJAGNSA-N	C15H26O3
C[C@H]1CC[C@@]2([C@H](CC[C@H]([C@H]2C1=O)C(C)(C)O)C)O	124430822	VPXCQYIVSHGBLO-HJHSNUOESA-N	C15H26O3
CCC(C)(C)C1C(=C(C[C@@H](O1)CCC=O)C)CO	155222288	HMQLIMNHNBEKEQ-NBFOIZRFSA-N	C15H26O3
CC1=CC(C(C(CC1OCC=C(C)C)(C)C)O)O	22922366	CZULNEGTCPXUFW-UHFFFAOYSA-N	C15H26O3
CCOC(=C)CCC(=O)OCC1CCCC(C1)C	143374654	ZDIPLYGRBHPJSN-UHFFFAOYSA-N	C15H26O3
CC1(CC1)C(C)(C2CCOC3(C2)CCOCC3)O	80290318	UHOFUWLGUSZQOS-UHFFFAOYSA-N	C15H26O3
C1CCCCCC(=O)[C@@H](CCCC1)C2OCCO2	92259696	IWOUJVASWZCMLJ-CYBMUJFWSA-N	C15H26O3
CCC(CC1(CCCC(C1)C)O)OC(=O)C(=C)C	68075672	SUILOCOPQFDZAM-UHFFFAOYSA-N	C15H26O3
C=COC1CCC(CC1)OCC2CCC[C@H](C2)O	89244230	LLTDNPNHPPQYGR-MXTXEEQBSA-N	C15H26O3
CC(CC=C(C)C)C(=O)C(C)C(=O)OC(C)(C)C	54017684	KWSOBPJGNHZGEN-UHFFFAOYSA-N	C15H26O3
CCOC(=O)C(COC)[C@H]\1CCCCC/C1=C\C	101153172	CPOSDGCAQXZXLU-GFBAQQCBSA-N	C15H26O3
CC(C)(CC=CC(=O)C=CCC(C)(C)OC)OC	150681114	JHWVEGBOIXEUFO-UHFFFAOYSA-N	C15H26O3
CCCCC(C)C(=O)OCOC1CC2CCC1C2	147334747	DCINLTPPZSKGTK-UHFFFAOYSA-N	C15H26O3
CCCCCCCCCCCC1CC(=O)OC1=O	14694265	DQVXNSWZLOGYCV-UHFFFAOYSA-N	C15H26O3
CC(=CC[C@H](/C(=C/COC(=O)C(C)(C)C)/C)O)C	16082075	KUWGNQKXQZRCHC-CNELAYHGSA-N	C15H26O3
C1CCC2(CC1)CCC(O2)CC3(CCOC3)CO	102902026	MVOHGVQLEDORFN-UHFFFAOYSA-N	C15H26O3
C[C@]12CCC3(C[C@@H]1CCCC[C@@H]2OC)OCCO3	44246024	ULDUWJOFQWXSAB-IHRRRGAJSA-N	C15H26O3
CCC/C=C/CO/C(=C\CCC)/C(=O)OC(C)C	102021711	DVIKCIUTHMZNLL-POLRJCGMSA-N	C15H26O3
C[C@H](C[C@@H](C1CCCC1)OC(=O)C2CCCC2)O	102320507	YSDBHCASRPDOHI-RISCZKNCSA-N	C15H26O3
CC(=C)C1CCC(C(C1)O)C2CCC(CC2O)O	147696969	GSCBPKMNCXCKRO-UHFFFAOYSA-N	C15H26O3
C[C@]1([C@@H](CCC([C@]12CCC(=CC2)CO)(C)C)O)O	139590382	NRESOMIXBWWFID-YUELXQCFSA-N	C15H26O3
CCOC(C1CC1)C(=O)C2CC(OC2(C)C)(C)C	113609342	YBFPIGRTMGLUGE-UHFFFAOYSA-N	C15H26O3
CCCCCCCCC[C@H]([C@@H]1CCC1=O)C(=O)O	124638658	RKFUMSAQPPBKFN-QWHCGFSZSA-N	C15H26O3
C[C@]1(CCCC([C@@H]2[C@]1(CCC(=C2)CO)O)(C)C)O	101764066	YEAXPKCNGJLQGV-YUELXQCFSA-N	C15H26O3
CC(C)[C@@H]1/C=C/[C@](CC/C=C(\C[C@H]1O)/CO)(C)O	11242252	KNKUQTYESRPETI-CPQUPJPTSA-N	C15H26O3
CCCCO/C=C\[C@H]1C[C@H]([C@@H]([C@@H]1CO)CO)C=C	117750631	GYAABVAJSCGSFA-OGYGOGIOSA-N	C15H26O3
CCCC[C@](C)([C@@H](C#C)OC1CCCCO1)OC	18647278	ZIIZTEBEHJTQHA-GIJJTGMTSA-N	C15H26O3
CC1=CC(CC2(C(O2)C(C(CC1)C(C)C)O)C)O	75051826	SIRCULICGXIYIW-UHFFFAOYSA-N	C15H26O3
CCCCC[C@@H](C#C[C@@H](C(C)(C)C)O)OC(=O)C	101165225	KVWRQXUCWQNZKL-KBPBESRZSA-N	C15H26O3
CCCC1(CCC2(C=C1C)OC(C(O2)C)C)CO	122635503	RSEFSQGOZYPNPA-UHFFFAOYSA-N	C15H26O3
CC1CC(CC(C1(/C=C/C(=C/CO)/C)O)(C)C)O	20164379	JDKPJTIXGWNLIO-YXJPLFFZSA-N	C15H26O3
C[C@@]12CCO[C@@H]1OOC(C2)(C)CC3CCCCC3	53465999	HJKSOWDMCCIIFU-GNXJLENFSA-N	C15H26O3
CCCCCCOC(=O)C1(C2(O1)CCCCC2)C	89581839	TUFJBVHPBNIPTO-UHFFFAOYSA-N	C15H26O3
CC1=CC(C(CCCC2(C(O2)CC1O)C)(C)C)O	71375130	ZZSZSTCCYMOZHB-UHFFFAOYSA-N	C15H26O3
CC(C)[C@@H]1CC[C@@]2([C@@H](C1)[C@](C(=O)CC2O)(C)O)C	121439897	VZEFWILNXVXXKL-IZQGUMMNSA-N	C15H26O3
CC1(C(O1)COC(C)(C)C2CCC3(C(C2)O3)C)C	143374702	NCNDVUGDYFQMQE-UHFFFAOYSA-N	C15H26O3
CC(C)CCOC(=O)/C=C\C1CCC(CC1)OC	147917759	IHKBABWBMWXOJB-TWGQIWQCSA-N	C15H26O3
CCC1CCCCC1OCC=C(CC)C(=O)OC	77100570	BZBOMCPHHTZRBG-UHFFFAOYSA-N	C15H26O3
C#CCOCCCCCCCOC1CCCCO1	71415827	TZMAJYSQYUYZLG-UHFFFAOYSA-N	C15H26O3
C[C@@H](C[C@@H](CC(C)C)O)[C@@H]1CCC(=CC1)C(=O)O	101635420	HAXGVKXTARZQOC-SGMGOOAPSA-N	C15H26O3
CC1=C2C[C@H](CC[C@@]2([C@H](CC1)O)C)[C@](C)(CO)O	71524401	XPNTZHDXQQJTAF-MXAVVETBSA-N	C15H26O3
C[C@@]12CC[C@@H](C[C@@]1(CC(=O)CC2)C)COCOC	15352899	AVNDHIVFKAIEND-AEGPPILISA-N	C15H26O3
CCCCCCC1C(CCC1=O)CC(=O)OCC	15295051	YVUCWNBPTIUNTF-UHFFFAOYSA-N	C15H26O3
CC1(CCC(C(C1)CCC2CCCO2)C(=O)O)C	81020763	VKXULFSSUAORSY-UHFFFAOYSA-N	C15H26O3
CC1(O[C@H]([C@H](O1)[C@](C)(C=C)O)C2CCCCC2)C	49856691	CXBPNMJEWHBOID-YDHLFZDLSA-N	C15H26O3
CCOCCOCCOCC=C1CCC(=C)CC1	155467721	CYWBPWNQZLPOJB-UHFFFAOYSA-N	C15H26O3
CC1=CC(=CC=C1)O.CC(C)(C(C)(C)OC)OC	145679348	WELDJFYYVIGYHB-UHFFFAOYSA-N	C15H26O3
C[C@H]1C(=O)OCCCCCCCCC/C=C\CO1	69992839	UVWAASIVTQGFCL-GDAGCXPBSA-N	C15H26O3
CCCCCCOC(=O)C(=CCCCC)C(=O)C	140224604	OYNPTGGQESIZOZ-UHFFFAOYSA-N	C15H26O3
C[C@]1(CC/C=C(/CC[C@@H]2[C@@H]1C[C@@]2(C)CO)\CO)O	10610978	ZXXPPFVLMJDNBO-JXVWZJRXSA-N	C15H26O3
C=CCCCCCC[C@@H]1OC[C@@H]2[C@@H](O1)CCCO2	10777354	IZCDFEDCNJWQHT-RRFJBIMHSA-N	C15H26O3
C[C@@H]1CC[C@H](C(C1)OC(=O)[C@]2([C@@H](O2)C)C)C(C)C	135037254	JXJREBZBRPJBPB-VJYADGHHSA-N	C15H26O3
C[C@@H]1CC[C@@H](CC(=O)[C@H](CCC1=O)C)C(C)(C)O	124790268	LVQQCPAELDRSOD-WOPDTQHZSA-N	C15H26O3
CC1(CCCC2C1C3C(C(C2O)OC3(C)C)O)C	22295081	SUODPRNSUIQFGS-UHFFFAOYSA-N	C15H26O3
CCOC(=O)CC(C)(C/C=C/C(C)(C)O)/C=C/C	101630429	GZRREUYBTYARDX-OAMUUVBCSA-N	C15H26O3
C1CCC2(CC1)CC(CCO2)C3(CCCOC3)O	79913768	ABSUGTCTIJIRSH-UHFFFAOYSA-N	C15H26O3
CCCC[C@H](CC)COC(=O)[C@H]1CC[C@@H]2[C@H](C1)O2	98048630	ABAMRJVWDHJBTI-FQUUOJAGSA-N	C15H26O3
C[C@]12CCC[C@@]3([C@@H]1C[C@@H](CC2)[C@](C)(CO)O)CO3	101277279	ODPARLITFRJJMC-ZSAUSMIDSA-N	C15H26O3
CCCC(CC)C(=O)OCOC1CC2CCC1C2	148137593	JWHBHICHAJXDRU-UHFFFAOYSA-N	C15H26O3
COC1CCCC[C@@H]1C(=O)[C@H]2CCCCC2OC	150575886	IMUMYJFOWXLRTE-FEPKRQSRSA-N	C15H26O3
CC(CCC=C(C)C)CC=CC(C)(CC(=O)O)O	141125265	IHRKMRTWDUKORF-UHFFFAOYSA-N	C15H26O3
CCCCCC/C=C/C(CC(=O)OCC)C(=O)C	10777355	XMBPJNNXDAIUDO-ZHACJKMWSA-N	C15H26O3
CCCCC[C@@H](/C=C/[C@@H]1[C@H]2CCO[C@H]2C[C@H]1O)O	148992812	PYANTMYTKMNOME-BFBQWKKPSA-N	C15H26O3
CC1CCC(=O)[C@H]2[C@H]1[C@@H](CC2)[C@H](C)C(OC)OC	68539354	MWNGHKKUKZDMKQ-HPCPRGQVSA-N	C15H26O3
C=CC(=O)OCC1(CCCCCCCCC1)CO	18458452	TYNGWKXWZDWFRH-UHFFFAOYSA-N	C15H26O3
CC1CCCC(OCC/C=C/CCOC1=O)(C)C	118518702	LLIHJMOURGZIMD-SNAWJCMRSA-N	C15H26O3
C[C@@H]1[C@H](C(=C)CO1)CCCCOC(=O)C(C)(C)C	134974414	MKEWPVDLTKADSP-OLZOCXBDSA-N	C15H26O3
C[C@H]1[C@@H]2[C@H]([C@@H]([C@@H]1O)O)[C@](CC[C@@H]3[C@H]2C3(C)C)(C)O	15484649	UDDLTLHHAFTXOM-CYIQDBDSSA-N	C15H26O3
C1CCC(CC1)(CC(=O)CC2(CCCCC2)O)O	141383192	KMUKJJWMVLYJQU-UHFFFAOYSA-N	C15H26O3
C[C@]12CC[C@@H]3[C@@H](C3(C)C)[C@@H]([C@]1(CC[C@@H]2O)CO)O	102125450	KFOMGIXNPLMKIH-NJTCAMEISA-N	C15H26O3
CCOC(C#CC(C)(CCC=C(C)C)O)OCC	85942260	GNOPUZOCTWUTPX-UHFFFAOYSA-N	C15H26O3
CC(=O)CC(C)(C(CCCC=C)C=C)OCCO	11118622	PXHWTIAFAOVTEY-UHFFFAOYSA-N	C15H26O3
CCCCCCC#CC(C)OC(=O)OC(C)(C)C	101420773	MXKKTMMKUCQZMH-UHFFFAOYSA-N	C15H26O3
C[C@@H]1CC[C@H](C2C1CCC(OC2)C)C(C)C(=O)O	144428974	ODGVPEWCFKPPPP-FVYZYSAOSA-N	C15H26O3
C[C@]12CCCC(C1CC[C@@]([C@@H]2C(=O)O)(C)O)(C)C	59707390	VYGRCVWARMYZPO-HWEOQSOXSA-N	C15H26O3
C[C@H]1C[C@@H](O[C@H]1CCCC[C@H](C)C(=O)O)CC=C	11161135	GFHVPDBNGUWXPC-XUXIUFHCSA-N	C15H26O3
C[C@@]12CC[C@H](C([C@H]1CCCC2=O)(C)C)OCOC	101931203	SIRAHRUNUAJTOR-UXIGCNINSA-N	C15H26O3
CC(C)CCC(=O)C1CCOC2(C1)CCOCC2	79913573	MLXXPTSBPLZBCZ-UHFFFAOYSA-N	C15H26O3
CCCCCCCCCC1C(O1)OC(=O)C(=C)C	22709138	JDXXAJSTWUOVSX-UHFFFAOYSA-N	C15H26O3
C1CC[C@H]([C@@H](C1)O)OCCCCC2CCCC2=O	100980309	HZKNIKPPVOXNNE-JENMUQSASA-N	C15H26O3
CC1CC(CC(C1(C=CC(=CCO)C)O)(C)C)O	53949520	JDKPJTIXGWNLIO-UHFFFAOYSA-N	C15H26O3
C[C@@H]([C@H]1CC[C@@H]2[C@]1(CCCC2=O)C)C(OC)OC	139024889	FXUVMZRJUQLXGF-OXIQGZBJSA-N	C15H26O3
CC1C2[C@H](C3CCCCC3CC2C(O1)OC)CO	59891027	KGEKVIZSTNHHRV-RUJDDBJISA-N	C15H26O3
CC1CCCC(CC2[C@@H](C(C1)O)C(=C)C(O2)O)C	149007049	HRIYFZXTWNRMPI-DFOWJFBESA-N	C15H26O3
C/C(=C\[C@H](CC(C)(C=C)O)O)/C/C=C/C(C)(C)O	11666025	ZXFZSYKYILJHBU-QWZSIZKPSA-N	C15H26O3
CCCCCCCCC1(CC2CCC1O2)C(=O)O	65394500	FGLBNWOUBYDPLL-UHFFFAOYSA-N	C15H26O3
C[C@]12CCCC([C@@H]1[C@@H]([C@H]3[C@@]([C@@H]2CO)(O3)C)O)(C)C	15481347	CQPOKEOPVJGEOP-YRLDTQBMSA-N	C15H26O3
CCC(C)(C(=O)C1CCOC2(C1)CCCCC2)O	113816430	QDTFWTLWKIAVMQ-UHFFFAOYSA-N	C15H26O3
CC(CCC=C(C)C)CCC(=O)C1OCCCO1	20293141	BRUWTEYHCKEPEB-UHFFFAOYSA-N	C15H26O3
COC(=O)CCCC#CCCCCCCCCO	59707764	ZVMHHWOMZXOJJJ-UHFFFAOYSA-N	C15H26O3
CCOC(=O)C(C)(C)CC(=O)C1C(C1(C)C)(C)C	70668896	KCCXXCVQQMQBHB-UHFFFAOYSA-N	C15H26O3
CCC(C1CCCCC1)C(=O)CCCCC(=O)O	148874546	PBVPLUYNBIIGFR-UHFFFAOYSA-N	C15H26O3
CC1(CCC(C1)O)C2CCOC3(C2)CCOCC3	113534536	WPWCOTOYRHUYAH-UHFFFAOYSA-N	C15H26O3
CCCCC(=O)O[C@@H]1CC2CC[C@]1(OC2(C)C)C	10890464	KGVDDILWENXVRI-AADWAWOOSA-N	C15H26O3
C[C@]12CCC[C@@]([C@@H]1[C@H]([C@@H](CC2)[C@@]3(CO3)C)O)(C)O	44138474	HRGMEELYNWSDOH-FVUFVHQMSA-N	C15H26O3
C[C@@H]1C[C@@H]([C@]23[C@]1(CC[C@H](C2)C([C@@]3(C)O)(C)C)O)O	140758804	DFLGYWIGWAMCGS-MJMJJYSYSA-N	C15H26O3
CCC(C)C(=O)OC1(CC2CCCC(C2)C1)CO	70904643	YYLIOJYWSFCTAR-UHFFFAOYSA-N	C15H26O3
CCC(C)(C(C)C)C(=O)OCC1CCC2C(C1)O2	146993311	AQPTXHMXXGAFQP-UHFFFAOYSA-N	C15H26O3
CCCCCCC1(CCOCC1)OC(=O)C(=C)C	89824577	GZWJJDBTSPQUJX-UHFFFAOYSA-N	C15H26O3
CCC1CCC(C1)(C2CCOC3(C2)CCOC3)O	79912611	LNONBSMEAUCGPL-UHFFFAOYSA-N	C15H26O3
CC1(C2CCC(CC23C1CCC(C3)OCO)O)C	90293114	GXUPEMINIGHROA-UHFFFAOYSA-N	C15H26O3
CCCCC[C@@H](C=C[C@@H]1CC[C@H]([C@H]1CC=O)O)O	88806735	SINHXVCWRVHNTO-CBBWQLFWSA-N	C15H26O3
CC(=CCO)CCC=C(CCC=C(C)CO)CO	91054299	MOFGXPKHCUZJEB-UHFFFAOYSA-N	C15H26O3
CCCCC1CCC(CC1)(C2CCOC2)C(=O)O	79424913	NUFLHQYQMDWAEZ-UHFFFAOYSA-N	C15H26O3
C[C@H]1CCC[C@]2([C@]1(C3[C@H](C3(C)C)[C@H]([C@H]2O)O)O)C	139584604	KFPIYIDOFXHLTR-PJTKMJDWSA-N	C15H26O3
CCC(C)(C)C(=O)OCCCCCC(=O)C(=C)C	58175800	SJRHVZCHCOWFMP-UHFFFAOYSA-N	C15H26O3
C[C@@H]1C(=O)OCCCCCCCCCC=CCO1	91082141	UVWAASIVTQGFCL-CQSZACIVSA-N	C15H26O3
C[C@]12C[C@@H]([C@@H](C=C1CCC[C@@H]2OC(C)(C)C)O)O	102016188	KDRXCWXFTDEYIW-OSFYFWSMSA-N	C15H26O3
CCCC(C1CCCCC1)(OCC2CO2)OC=C	140202947	LHRKLOQITJAAQC-UHFFFAOYSA-N	C15H26O3
CC(=O)C(C1CCC(CC1)O)C2CCC(CC2)O	150305415	GKMHGTGYWPJCEO-UHFFFAOYSA-N	C15H26O3
CC(C)COC(=O)OCC=C(C)CCC=C(C)C	123178106	QPYGDTVOGSLWGN-UHFFFAOYSA-N	C15H26O3
C1CCCCC2CCCOC2(/C=C/CCC1)OO	88044726	GUAWUALIMICCTF-XYOKQWHBSA-N	C15H26O3
CCC(C)(CC)C(=O)C1(CCC(CC1)C(=O)O)C	147118396	NVZUOCBZUJPVSK-UHFFFAOYSA-N	C15H26O3
C=CCCCCCCCCC(=O)CCC(=O)CO	102259645	MAFGJSKKIKUQSN-UHFFFAOYSA-N	C15H26O3
CCCOC(=O)CC1CCC(=O)C1CC(C)(C)C	54570543	ZWYCZCXAZOITNO-UHFFFAOYSA-N	C15H26O3
C1CC(=O)C1CCCCCCCCCCC(=O)O	10777350	XFBXXTOEKUXMOY-UHFFFAOYSA-N	C15H26O3
C=CCOCCCCC(COCC=C)OCC=C	23117524	HTIWUBBMEBZOGW-UHFFFAOYSA-N	C15H26O3
CCCCC1CCC2CC(CCC2C1)OC(=O)O	20467061	REBXVTCJAGOTKP-UHFFFAOYSA-N	C15H26O3
CCOC(C)OCC.C/C=C\1/C2CCC(C2)C1=O	70512729	LXRLVJBRSPJHMP-WENINEFDSA-N	C15H26O3
CCC(=O)OC1(CCCC([C@@]12CCCO2)(C)C)C	123973894	XZMZGUODNNDBHG-LOACHALJSA-N	C15H26O3
CCCCCC1C(CCC1=O)CCCC(=O)OC	22910888	UHUOVKQTMKOWAH-UHFFFAOYSA-N	C15H26O3
CCC1CCC(CC1)(CC2CCOCC2)C(=O)O	65394951	WIIASAADIFRSIW-UHFFFAOYSA-N	C15H26O3
CCCCC(=O)CCC(=O)CCC(=O)CCCC	12626244	JPTIUBVUJTUXPC-UHFFFAOYSA-N	C15H26O3
C1[C@@H]2[C@@H](O2)CC1CCCCCCCCCC(=O)O	152596155	YWNDIICPNDUVOC-AGUYFDCRSA-N	C15H26O3
CCC(C)(C)C(=O)OC1(CC2CC(CC2C1)O)C	68070598	OWWSKOWSSGJTIK-UHFFFAOYSA-N	C15H26O3
CCC(=O)C(C)(C)[C@@H]1CCOC2(O1)CCCCC2	57227689	PUKZBKQHLPYUEE-ZDUSSCGKSA-N	C15H26O3
CC(=CCCC(=CCCC(=O)C(OC)OC)C)C	53737312	CSCMHIFQXDTAJN-UHFFFAOYSA-N	C15H26O3
CC1([C@H](C[C@@H](C(=C)[C@H]1CC[C@](C)(C=C)O)O)O)C	11139692	PTLUJBJJSYKHEZ-OSFYFWSMSA-N	C15H26O3
CC(C)C1=C(C(=CC=C1)C(C)C)O.CC(CO)O	69561286	HDEOFPZEQFTBSB-UHFFFAOYSA-N	C15H26O3
C/C/1=C/C(C(CCCC2(C(O2)CC1O)C)(C)C)O	101634361	ZZSZSTCCYMOZHB-NTMALXAHSA-N	C15H26O3
CCCCCCCCC1(CCCCC1=O)C(=O)O	19384584	PHWVOWUIWDMRGJ-UHFFFAOYSA-N	C15H26O3
C[C@@H]1CC[C@@H]2C[C@]3([C@]1(CC[C@@]3(C)O)O)OC2(C)C	101222300	QBCJQQMMHNYFHB-BBIZWXPBSA-N	C15H26O3
CC1(CC(CC2(C1)OCCO2)(C)COCC=C)C	18682077	OAFLNXRYVFPUMY-UHFFFAOYSA-N	C15H26O3
C[C@@H]1CC[C@@H](CC(=O)[C@@H](CCC1=O)C)C(C)(C)O	124790266	LVQQCPAELDRSOD-UTUOFQBUSA-N	C15H26O3
CC(=CCOC1C(CCCC1(C)C)(C)C)C(=O)O	68749076	ZOCQPMZXCAUBDD-UHFFFAOYSA-N	C15H26O3
C[C@@H]1CC[C@H]2[C@@H]1[C@H]3[C@@H](CC[C@@]2(CO)O)C[C@]3(C)O	102197938	UKYWDUBYSGXKRC-SGASCXMQSA-N	C15H26O3
CCCCCCCO[C@@H]1[C@H]2CC[C@@H]([C@H]1CC=O)O2	54234917	QLVYLSKHSRJJSJ-BARDWOONSA-N	C15H26O3
CC1(CC(C(O1)(C)C)C(=O)C2(CCCCC2)O)C	113816727	BCJNJZHAVPDDQA-UHFFFAOYSA-N	C15H26O3
C[C@@]12CC[C@H](C1(C)CCC=C(CO)CO)C[C@H]2O	12000065	LXJAYIDTHSGGSL-IXXDHKBRSA-N	C15H26O3
COC1CCCCC1OC(=O)CC2CCCCC2	78887146	JGTPPAXDACQFOL-UHFFFAOYSA-N	C15H26O3
CCCCC(CC)C(=O)CC(C)OC(=O)C(=C)C	54438074	WMDASGGOCPTQCH-UHFFFAOYSA-N	C15H26O3
CCCCCC(C)C(=O)OC1(CCC2C(C1)O2)C	151461601	PIOOOBLPRQJDNR-UHFFFAOYSA-N	C15H26O3
CCCC/C=C/1\CCCC(C1(CC(=O)O)O)(C)C	12963216	OOJDYMIZFKHTAY-XYOKQWHBSA-N	C15H26O3
CC(C)[C@@]12CC[C@@](O1)([C@@H]3CC[C@]([C@H]3[C@@H]2O)(C)O)C	637282	JNTOHIOAISZSEJ-PEZGRIKUSA-N	C15H26O3
CC.CC.COC(=O)C(/C(=C/C=C)/C=C\C=C)O	144705950	GUOGSTMJLBJKQV-UYYQRFHASA-N	C15H26O3
CC1CCC(C(C1)C2CCOC3(C2)CCOC3)O	79919498	CLNVXBDZXYTXJI-UHFFFAOYSA-N	C15H26O3
CC(C)(C)C(CC1CCC2(O1)CCCC2)C(=O)O	102899343	VCEDMWXXTRFLPP-UHFFFAOYSA-N	C15H26O3
CCOC(=O)C=COCCCCCCCCC=C	54224506	QEXIHHBOUNBJAL-UHFFFAOYSA-N	C15H26O3
CCCC(C(=C)C(=O)OCC)OC1CCCCC1	150814767	KIQGYLXMCSIDKY-UHFFFAOYSA-N	C15H26O3
CC1=CCC(CC1)C(C)(C)OC(=O)OCC(C)C	91711074	CDKGIMRZAXKRSF-UHFFFAOYSA-N	C15H26O3
CC(C)CC(=O)CC(C)C1CCC(CC1)C(=O)O	38192	SJHMVTADTZCIMQ-UHFFFAOYSA-N	C15H26O3
CCCCC[C@@H]1C=CC[C@@H](O1)C(C)(C)C(=O)OC	44243677	SBUYWHMEUUVRMS-CHWSQXEVSA-N	C15H26O3
C1CC(C1)CC(C2CCOC3(C2)CCOCC3)O	113783791	OCSBGQUARLQSGG-UHFFFAOYSA-N	C15H26O3
CCCC(/C(=C/C1CCCCC1)/C(=O)OCC)O	10332559	FLEWNLMVVWYYMK-QBFSEMIESA-N	C15H26O3
CCC(CC)CC1=C(OC(C1=O)(CC)O)C(C)C	140298624	LWEFCCPVLNWFLQ-UHFFFAOYSA-N	C15H26O3
CC1CCC(CC1)(CC2(CCCCC2)O)C(=O)O	79425319	SAFKNHBHYXQOEA-UHFFFAOYSA-N	C15H26O3
C/C/1=C\[C@H](C/C(=C/[C@@H]([C@@H](CC1)[C@@H](C)CO)O)/C)O	21606666	UYYRKGKEJKOKEQ-QRWKESCNSA-N	C15H26O3
CCCCCCC1C(OC1=O)CC(CCC=C)O	19794754	FGRMZDNDNMUTII-UHFFFAOYSA-N	C15H26O3
C[C@@]12CCC(=O)C(C1CC[C@H]2OC(C)(C)C)CO	118179639	XBSCOIUOZVZDMN-VFDCVBMRSA-N	C15H26O3
CCCCC1C(CCC1=O)CC(=O)OCCCC	139915076	KLUFPXUKZONWID-UHFFFAOYSA-N	C15H26O3
C[C@@H]1[C@H](C[C@]2([C@@]1([C@@H]3CC(C[C@@H]3[C@H]2O)(C)C)C)O)O	139589729	CFKMMDMKSRPELK-OUYQZXAASA-N	C15H26O3
C[C@@H]1C[C@H]([C@@H]2[C@@H]3[C@H]1[C@]2([C@@H](C[C@H](C3(C)C)O)O)C)O	21671312	QJFJFFWIAUCPSW-UTCNNOFNSA-N	C15H26O3
CC.COCCCOCCCOC1=CC=CC=C1	142386220	WACWXCWAGWWHKY-UHFFFAOYSA-N	C15H26O3
CC(C)(C)OC[C@@H]1C(CC(=O)C1=C)OC(C)(C)C	138504086	CXTFNNFBFPAQAT-AMGKYWFPSA-N	C15H26O3
CCC1CCC(C1)(CCCC2CCCO2)C(=O)O	65409462	FHFKMOFGZTXGFF-UHFFFAOYSA-N	C15H26O3
CC(C)[C@H]1CC[C@]2(C[C@H]([C@H]([C@@H]2[C@@H]1O)C(=O)C)O)C	124835939	NQHGSTTYLUUHTC-OJVARPOJSA-N	C15H26O3
C1CCCCCCC(=O)C(=O)OCCCCCC1	71399156	UWJFGSNHGFTIOY-UHFFFAOYSA-N	C15H26O3
COC1CCCCC1C2CCC(CC2)C(=O)OC	21249048	GBAJJVUKDQUWPJ-UHFFFAOYSA-N	C15H26O3
CC1CCCC(C1)CC2C(CC(CC2O)O)C=O	148275717	CMHDRLGUMWHIFG-UHFFFAOYSA-N	C15H26O3
CC(=C)C(=O)OCOC1CCC(CC1)C(C)(C)C	139688733	PVSMQBJHMJTWFE-UHFFFAOYSA-N	C15H26O3
C[C@]12CC[C@H]3[C@](C[C@@H]([C@]3(C1)CC[C@@H]2O)O)(C)CO	76318672	LTRPBYQWIBBJKG-LZXPERKUSA-N	C15H26O3
CCCCCOC(C1=CC=CO1)OCCCCC	14296433	VRPPNCATUVTFNM-UHFFFAOYSA-N	C15H26O3
CCC=CC(=CCCC(=CCO)C)C.CC(=O)O	71345657	PSXLZFDEAXYAHW-UHFFFAOYSA-N	C15H26O3
C[C@H]1CC[C@H]2C1=C[C@@H](CC[C@]2(C)O)C(C)(CO)O	69273006	DIRLETUBBJIYMQ-UGDUAMEYSA-N	C15H26O3
CC1=CCC(C1(C)C)/C=C/C(C)C(C)OC(O)O	88288504	IYTNMMFXJCNDRS-SOFGYWHQSA-N	C15H26O3
CCCCCCC(=C)C(C)(C(=O)C)C(=O)OCC	11414141	OATZMORVLRMGKB-UHFFFAOYSA-N	C15H26O3
CC/C=C/CCCOC(=O)OCCC/C=C/CC	87186020	YWAAVRZSUNVVRQ-KQQUZDAGSA-N	C15H26O3
CC1=C([C@@]2(CCCC([C@@H]2[C@H]([C@@H]1O)O)(C)C)C)CO	98860601	SQUSSQHYJYXURV-OSFYFWSMSA-N	C15H26O3
C[C@]12C[C@@H]([C@@H]3[C@H](CC3(C)C)[C@](C1)(CC[C@@H]2O)O)O	44207407	JHERQLKSYGCRLC-KPRRGPHJSA-N	C15H26O3
CC1(OC[C@@H](O1)[C@@H]([C@@H](C=C)C2CCCCC2)O)C	102013303	IAGBQDABBORMSA-BFHYXJOUSA-N	C15H26O3
CC1CCC(CC1)C2(CCC3(CC2)OCCO3)O	65916909	YMARZJVXDZJPTP-UHFFFAOYSA-N	C15H26O3
CCCC[C@H](CC)COC(=O)[C@H]1CC[C@@H]2[C@@H](C1)O2	98048633	ABAMRJVWDHJBTI-IGQOVBAYSA-N	C15H26O3
CCC1CCCC(C1)(CC2(CCCC2)O)C(=O)O	79429336	REGCVBRRSWVTBY-UHFFFAOYSA-N	C15H26O3
CC(C)(C)C(=O)OCCOCC1CC2CCC1C2	148142342	JXDVIHQLTLLAOL-UHFFFAOYSA-N	C15H26O3
C[C@@]12CC[C@H](C[C@H]1C(=C)CC[C@H]2O)[C@](C)(CO)O	102065880	XBGOVHVTKKNZFH-KHMAMNHCSA-N	C15H26O3
CCC12CCCO[C@H]1C(C3(CC2)OCCO3)(C)C	135272501	DRTRLPUVUWEXCA-NBFOIZRFSA-N	C15H26O3
CC.CC1C2C(CC3CCCCC3C2O)C(=O)O1	91047366	FYNNEDCZLTYBNC-UHFFFAOYSA-N	C15H26O3
C1CCC(CC1)C(=O)OCCCCCCCC=O	144498598	CNTPFRGKVUEZML-UHFFFAOYSA-N	C15H26O3
CCC(CC[C@H]1CCC[C@H](C1)OCC=C)C(=O)O	69494191	LADHJJZMQBKBTF-WYAMFQBQSA-N	C15H26O3
CC(C)C1CCC(CC1)(C2CCOCC2)C(=O)O	79428751	VIUTZLYKVJQGFC-UHFFFAOYSA-N	C15H26O3
CC(C)[C@@H]1CC[C@@H]([C@]12CC[C@@]([C@@H]3[C@H]2O3)(C)O)CO	127038549	HCQILPTZDJSPJO-YXJLRHLOSA-N	C15H26O3
CC1(CC=CC(=C1O)OC(C)(C)C)OC(C)(C)C	151178292	NDSWKYOKZQEWSB-UHFFFAOYSA-N	C15H26O3
CCC(CCC1CO1)(CCC2CO2)CCC3CO3	134260856	LXLGRODCXBXBOU-UHFFFAOYSA-N	C15H26O3
CCC1C2CC(C(C1CC)O2)CCCC(=O)OC	153240309	WRHWIDIMNUCDDX-UHFFFAOYSA-N	C15H26O3
C[C@]12CC(C[C@]1(CC3(C2)OCC(CO3)(C)C)C)O	146257016	NDSPTRHRJVPPQK-QXMXGUDHSA-N	C15H26O3
C[C@@H]1C[C@@H](C[C@@]2([C@@H]1C(=O)[C@H](CC2)C(C)(C)O)C)O	98090285	DIDZMOYZGJUXCV-JLPNCARGSA-N	C15H26O3
CCCCCC(=O)CCC(=O)OCC/C=C/CC	87885006	BEJDQQMKQCEZFV-FNORWQNLSA-N	C15H26O3
C[C@@H](/C=C(\C)/CC=O)[C@@H](C(C)C)OC(=O)C(C)C	57792641	RAERDHKLQKUJRK-UYEGUDHTSA-N	C15H26O3
CCCCCC(=O)CCC1CCCC12OCCO2	152746966	VOPJOTOTLOJOFA-UHFFFAOYSA-N	C15H26O3
CC1=CC[C@H](CC1)/C(=C/[C@H]([C@@H](C(C)(C)O)O)O)/C	72710725	AKKKUKIATLHYKF-VVWFOINXSA-N	C15H26O3
CC(C)(C)OC(=O)C1CCCC2C1CCC(C2)O	145789538	AGUNOKNPWFHLOL-UHFFFAOYSA-N	C15H26O3
CC(=O)C1C(CC2(CC1(C)C)OCCCO2)(C)C	154470835	NJAACQIESGFDRN-UHFFFAOYSA-N	C15H26O3
C[C@@]12CC[C@@]([C@H]3[C@@]1(C[C@H](C[C@@]2(C3)C)O)C)(CO)O	146684426	NVBYQUPKHVWYMI-RHTUOURWSA-N	C15H26O3
CCCCCCCCC1C(CCC1=O)OC(=O)C	150507605	HZDRGGTUGHIKNY-UHFFFAOYSA-N	C15H26O3
CCOC(=O)C=CC=CCCCCCC(C)OC	149667342	AMKVWBGKFONVBW-UHFFFAOYSA-N	C15H26O3
CCC(CO)(COC(=O)/C(=C/C)/C)C1CCCC1	88375193	KOWAVIASNFSIEL-UUILKARUSA-N	C15H26O3
CC(C1CCCCC1)(C2CCCCO2)C(=O)OC	149668160	AMPAIRHBBQTXHJ-UHFFFAOYSA-N	C15H26O3
CC(C)[C@@]1(CC[C@]2([C@H]1[C@@H](C[C@@]3([C@H](C2)O3)C)O)C)O	11436743	ZCDLQSJEDFNXTD-RBTXIFOQSA-N	C15H26O3
C[C@@H]1CC[C@H]([C@@]23[C@]1(C[C@@](CC2)(C(O3)(C)C)O)C)O	15405966	PWZMFEFJKOAAPH-NKQKNBIVSA-N	C15H26O3
CCCCCCC[C@@H]1[C@@H]2[C@@H](CCCO2)OCC1=O	102317721	PDYIFVYNSNFPBZ-NWANDNLSSA-N	C15H26O3
C1CCC(CC1)COC2CCC3(CC2)OCCO3	104455550	IUXSWIJLMKYIDJ-UHFFFAOYSA-N	C15H26O3
CCOC(=O)[C@H](C=C=C(C)C(C)(C)C)C(C)(C)O	101652271	CUSSMUWHSNYAAX-ACGXKRRESA-N	C15H26O3
CC(C)[C@@H]1CC[C@]2([C@@H](CCC(=C)[C@@]2([C@@H]1O)O)O)C	10706137	NFDGWGXWJZESMB-QRTUWBSPSA-N	C15H26O3
CCCCCC1C(CCC2C1O2)CC3C(O3)OC	148117514	JSNKILTYXUNAOP-UHFFFAOYSA-N	C15H26O3
CC(=C)COC1(CC2CCCC(C2)(C1)O)CCO	129105644	GUTUHZTXWHCGTI-UHFFFAOYSA-N	C15H26O3
C[C@@H]1[C@H](C[C@H]2[C@@H]1[C@H]3C([C@]3(C)CO)CC[C@@]2(C)O)O	101804712	DPIHDXXCXGFSJX-JGDRPINOSA-N	C15H26O3
CCOC(C)OC(=O)C1CCCC2C1CCCC2	145789529	VRJPFRIPUDDHGD-UHFFFAOYSA-N	C15H26O3
CC(C)CCC1CCC(CC1CC(=C)C(=O)O)O	67709575	SCPFJXKJXADXCL-UHFFFAOYSA-N	C15H26O3
CC(C)OCC(=O)OC/C=C(\C)/CCC=C(C)C	22035513	RXNOHLXHJORQJT-NTEUORMPSA-N	C15H26O3
CCCCCCCCOC(=O)[C@H](CC#C)[C@H](C)O	101831705	RZPXKSUTPWHEIO-UONOGXRCSA-N	C15H26O3
CCC1CCC(CC1)(C2CCCCC2O)C(=O)O	79428931	FSWIUFQQONOISS-UHFFFAOYSA-N	C15H26O3
CCCCC/C=C\CCC(=O)CCC(=O)OCC	146663830	BQGXJZMPKXUPEX-HJWRWDBZSA-N	C15H26O3
CCCCCCCCCCC[C@H]1[C@@H]2[C@@H](O2)C(=O)O1	124427524	RVDIQXNCNKUGFL-BFHYXJOUSA-N	C15H26O3
CCC(CC)(C12CC3CC(C1)(CC(C3)(C2)O)O)O	18323355	XCJQYRVQAGDUAF-UHFFFAOYSA-N	C15H26O3
C[C@@]12CC[C@H](C([C@H]3[C@@H]1[C@@H](C[C@@]2([C@@H]3O)C)O)(C)C)O	134687624	XFKGEQRMYJCXFK-OLTWEKASSA-N	C15H26O3
CCCC1(C2(O1)CCCCCCC2)C(=O)OCC	83047331	NOQJCDCMIFSURY-UHFFFAOYSA-N	C15H26O3
C[C@H]1CC[C@@]2([C@@]3(C1C[C@H](C2(C)C)[C@H]([C@H]3O)O)C)O	102484538	OGLPQGWESBEIDG-SDVUOIMMSA-N	C15H26O3
CCC/C=C/CCC1C(COC1/C=C/C(C)O)O	23529717	SDTWMTGARJFXAM-QPHGKBKNSA-N	C15H26O3
C[C@H]1CCCC[C@H]2[C@H](C[C@@H](O2)CCCOC1=O)C	53473764	AIKWTIUVDYBZRQ-XUXIUFHCSA-N	C15H26O3
C[C@H]1CC[C@@]2(O1)[C@](CCCC2(C)C)(C)OC(=O)C	92288228	LTAWGWRPOGXHBD-GLQYFDAESA-N	C15H26O3
CCOC(=O)C=C(C=CC(C)CCC(C)C)OC	154225159	GSMLWXXEBYWECO-UHFFFAOYSA-N	C15H26O3
CCCC(=O)C(C)(C)[C@@H]1CCOC2(O1)CCCC2	69991565	MNEUSQHGSWYUQL-ZDUSSCGKSA-N	C15H26O3
C[C@]12CCC[C@]3([C@@]1(O3)C[C@@H](CC2)[C@](C)(CO)O)C	101049330	HEQJEKLYQRVZQU-NIFZNCRKSA-N	C15H26O3
CCCC(=O)C(=O)OC1CC(CCC1C(C)C)C	58544893	DDAFPICYENUYRP-UHFFFAOYSA-N	C15H26O3
C[C@@H]1CC[C@H]([C@@H](C1)OC(C(=C)C=C)OO)C(C)C	101035374	CLUXIDFMVDPYHM-BMGQEUAGSA-N	C15H26O3
COC(=O)CC1CCCCCCCCCCC1=O	12249281	QAXOFUDSRLDDPJ-UHFFFAOYSA-N	C15H26O3
CCCCCC1=CC(=CC(=C1)O)O.CCOCC	69023430	FWVOGXFXOQQEOA-UHFFFAOYSA-N	C15H26O3
CCCCCCC(C)(CC)CC1=C(OC(=O)O1)C	129191473	NRSLZIDKQKCBMA-UHFFFAOYSA-N	C15H26O3
CCCCCCCC=CC1C(O1)CCCC(=O)O	54034613	LIAFJNSZUMJWAV-UHFFFAOYSA-N	C15H26O3
CCC(=C(C(=O)O)C(CC)(CC)CC)CC1CO1	154112575	VANNRMDMZQDSDW-UHFFFAOYSA-N	C15H26O3
C[C@@H]1CC[C@H]2C1=C[C@@H](CC[C@]2(C)O)C(C)(CO)O	71195224	DIRLETUBBJIYMQ-GBTROYITSA-N	C15H26O3
COC(CCO)C(CCCC/C=C(\C=C)/O)C=C	124094059	RKLGNZXGNKRXEQ-GXDHUFHOSA-N	C15H26O3
CCC(CC)OC1=CC(C[C@H](C1)C)C(=O)OCC	147462089	FACSGVCLXKWLEQ-JHJMLUEUSA-N	C15H26O3
C1CCC2(CC1)CC(CCO2)C3(CCOCC3)O	79902763	LAKWYRGUTIBLDU-UHFFFAOYSA-N	C15H26O3
CC(C)C(C(=O)O)OC1CC2CCC1(C2(C)C)C	80391365	FTLKMIPBMGLCFU-UHFFFAOYSA-N	C15H26O3
CC(C)[C@@H]1C[C@H](OC1=O)[C@@H](CC2CCCCC2)O	14411946	VWTWJFIOERAIDB-MJBXVCDLSA-N	C15H26O3
CCOC(=O)CC(=O)C1CCC(CC1)C(C)(C)C	65415628	URKPEORPQPCNIQ-UHFFFAOYSA-N	C15H26O3
CC(CC(=O)C1CCOC2(C1)CCCCC2)OC	113391222	PDCVHWFGJBFWQH-UHFFFAOYSA-N	C15H26O3
CCCCC(CC)C(=O)OC(=O)C1CCCCC1	154251173	BSVRKNFYJFZWCE-UHFFFAOYSA-N	C15H26O3
CCCCCC(CC)OC(=O)C(=C)C(C)OC=C	139891840	ULHXHVVXRGQFDE-UHFFFAOYSA-N	C15H26O3
CC(C)(C)OC(=O)C1C2CCCCC2CCC1O	145789562	YGZHUWGEWBXPEH-UHFFFAOYSA-N	C15H26O3
CCCCCCCCCCC(=O)C1CCC(=O)O1	70579220	STIRBIXEVCCOMC-UHFFFAOYSA-N	C15H26O3
CC1CCCC(CC1OC(=O)CCC(=O)C)(C)C	149907481	CINFTQVCXWAEDD-UHFFFAOYSA-N	C15H26O3
CC(C)C(=O)CCC(=CCCC1(OCCO1)C)C	71404461	GQDIFHSZOQDNDG-UHFFFAOYSA-N	C15H26O3
CCCCC/C=C/[C@@H]1[C@H](OC(=O)O1)CCCCC	101744856	ACCPRGARQZCKAH-XMNZZIDVSA-N	C15H26O3
COC(=O)CCCCCCCC#CCCCCO	12708975	VZHKBKIDGNLDHW-UHFFFAOYSA-N	C15H26O3
CCCOC1C(CC1=O)OC2CCC(CC2)(C)C	107942399	CPDRTVRIWKFHQV-UHFFFAOYSA-N	C15H26O3
C/C(=C\1/[C@H](C[C@]1(C)[C@H]2CC(C[C@@H]2O)(C)C)O)/CO	101209719	WXLMZSSKFKIKQI-FTBPUKHUSA-N	C15H26O3
CCCCCC1C(=O)CCC1(CCC)CC(=O)O	68564734	SSBLCVWYUMUDNO-UHFFFAOYSA-N	C15H26O3
C[C@@H]1CC2C(C(=O)C1)C(C(O2)CCC(C)C)(C)O	148402004	LRZYZWXDWPAICZ-MGZXXMPLSA-N	C15H26O3
CC(C)COC(=O)OC/C=C(\C)/CCC=C(C)C	91694822	QPYGDTVOGSLWGN-NTEUORMPSA-N	C15H26O3
CCC[C@@H](C=C)[C@@H](C(C)C)C(=O)C(=O)OC(C)C	101126387	DMPMYYOETJOICW-CHWSQXEVSA-N	C15H26O3
CC(C)OC(=O)C1(CO1)CCC2CCCCCC2	54045737	LPLSGUUJIWKTLG-UHFFFAOYSA-N	C15H26O3
CCCCCCOC(C)(C1=CCC(C=C1)OC)O	148506001	MLOXYXLQSXVBCQ-UHFFFAOYSA-N	C15H26O3
CCCCC/C=C/CCC1(OCCO1)CC(=O)C	21301804	ANPSTWWBOGOUQE-BQYQJAHWSA-N	C15H26O3
CC(C(=O)OC1CCCCC1)OC2CCCCC2	139632406	UNMIWIWPWLAJDH-UHFFFAOYSA-N	C15H26O3
CC1(C[C@@H]2CC3(CCC[C@H]([C@@H]2C1)O)OCCO3)C	44195438	CFBCOBYSKKVBOJ-JHJVBQTASA-N	C15H26O3
CCCC(C)CC1CCC2C(C1)OCC(=O)CO2	149221196	OYWCMGKULNHBOR-UHFFFAOYSA-N	C15H26O3
C[C@H]1CC[C@]2(CCC3(C([C@@H]2O1)(C)C)OCCO3)C	148405345	LSQJKCVLHVCKPN-OBJOEFQTSA-N	C15H26O3
CCC1(C2(CCCC(C2)C(C)C)C(=O)O1)OCC	20724637	DNUASQGPNSLNPN-UHFFFAOYSA-N	C15H26O3
CC.C[C@@H]1C[C@@H](O[C@@H](C1)C(=O)OC)C.C#C.C#C	142050283	LKSWOVRORYYIAL-SFSJRTPXSA-N	C15H26O3
CC(CCCC(C)(C)O)C/C=C/C(=C/C(=O)O)/C	21558057	FDQBRYVHALQXLL-PGMBSLALSA-N	C15H26O3
CCCCCCC#CCCCCC(C(=O)OC)O	89288593	YSNLUTFCRRMTDM-UHFFFAOYSA-N	C15H26O3
CCC(CCC1CCCC(C1)OCC=C)C(=O)O	69494194	LADHJJZMQBKBTF-UHFFFAOYSA-N	C15H26O3
CC(C)C1CCC(CC1OC(=O)CC(=O)C)(C)C	122582527	LYWNCKINDDHWBA-UHFFFAOYSA-N	C15H26O3
CCOC(C1CCCCC1)C(=O)C2CCCOC2	107136031	YKTDRYXKYIVSQD-UHFFFAOYSA-N	C15H26O3
C[C@]12CC[C@H]([C@@]1(C)CCC=C(CO)CO)C[C@H]2O	11521689	LXJAYIDTHSGGSL-GBJTYRQASA-N	C15H26O3
CCCCCC(C1(COC1)CC)OC(=O)C(=C)C	142680872	LWVJRHPQHZLVQX-UHFFFAOYSA-N	C15H26O3
C=CCCCCCCCCC(=O)OCC=CCO	71387931	OVGRJHKRWJBSFF-UHFFFAOYSA-N	C15H26O3
CCC(C)(C1CCC1)C(=O)C(C)(CC)OC=CO	130347006	QYYWAGQFJBEGGB-UHFFFAOYSA-N	C15H26O3
CCCCCC1[C@H](CCC1=O)CC2(OCCO2)C	135039758	MVIUFMCOFCHGCX-PZORYLMUSA-N	C15H26O3
CCCCCC(=O)CC[C@H]1[C@@H](CC(=O)[C@@H]1CC)O	152864118	TYCXOXCVSCXZLB-UMVBOHGHSA-N	C15H26O3
CC(C)CC/C=C(\C)/[C@H]1[C@@H](C[C@H](CC1=O)O)OC	142240619	ZVSXSOUPULDASL-HRYNPVEISA-N	C15H26O3
COC(CCCC/C=C\1/CCCCCC1=O)OC	11651764	ZQCZEAWXEBHPHK-RAXLEYEMSA-N	C15H26O3
C[C@@H]1C[C@H]2[C@@H](C(=O)C1)[C@@](C(O2)CCC(C)C)(C)O	141427363	LRZYZWXDWPAICZ-FYTMRSDESA-N	C15H26O3
C[C@@H]1CC[C@H](C2=CCC[C@H]([C@]12C)[C@](C)(CO)O)O	101613222	CHGCIJVTVSENLH-JSFFLRCESA-N	C15H26O3
CC(C(C)O)C(=O)C1CCCC1C(=O)C(C)(C)C	118014952	VEFRTMFVCWTKEK-UHFFFAOYSA-N	C15H26O3
CC(CCOC(C)(C)C)CC=CC(=CC(=O)O)C	152237850	WCRGBMAKJDZGSI-UHFFFAOYSA-N	C15H26O3
C[C@H]1CC[C@H]2[C@H]([C@H]3[C@@]1(O3)C)[C@@](CC[C@@]2(C)O)(C)O	71747143	PDVPXEHPSQOSRC-FDIVEBMXSA-N	C15H26O3
CCC1C2(COC(O1)(OC2)C3CCCCC3)CC	19904397	IVLQXUFIUPQRBU-UHFFFAOYSA-N	C15H26O3
C[C@H](C[C@@H](C1CCCC1)O)OC(=O)C2CCCC2	16751176	GLFFVRDZMWBZJS-RISCZKNCSA-N	C15H26O3
CCCCC(CC)CC1(CC2CCC1O2)C(=O)O	65394296	NLRYJBAPTFUXSA-UHFFFAOYSA-N	C15H26O3
CCCCCOC1C=CC(=O)C1OCCCCC	69861784	NDGBFRSGOIUSHJ-UHFFFAOYSA-N	C15H26O3
C/C=C/CC[C@](C)(C=C)[C@H]([C@H]1COC(O1)(C)C)O	102260512	JRXAMIGUDVJAER-QOHBWPIKSA-N	C15H26O3
CCC1CCC(C(C1)CCC2CCCO2)C(=O)O	81020967	RYEIUZRZVOPSNC-UHFFFAOYSA-N	C15H26O3
C/C=C/CC(C)CO/C=C/COC1CCCCO1	147625722	GESUNNBGBVLJHV-YZQQHVNFSA-N	C15H26O3
CC[C@]1(CC[C@@H](O1)C(C)(C)O)C(=O)CC/C=C\C	10858027	VODKDAXTJTZGBB-DOMBMUJNSA-N	C15H26O3
CC1=C[C@H](C2[C@@]([C@]1(CO)O)(CCCC2(C)C)C)O	11368827	RWPFZPBMMIWKKY-WTPWXPRHSA-N	C15H26O3
CCC(=O)C(=C(C)CC(C)C)C(=O)OCC(C)C	140224440	KCSULTFSHPGKMW-UHFFFAOYSA-N	C15H26O3
C[C@]12CC[C@@H](C([C@@H]1CCCC2=O)(C)C)OCOC	15226022	SIRAHRUNUAJTOR-WHOFXGATSA-N	C15H26O3
C1CCCOC(=O)OCCCCCC/C=C/CC1	12115591	LEWLRBIPTSPWDJ-OWOJBTEDSA-N	C15H26O3
CCC(C)(C)C1C(C(=O)OC1=O)C(C)(C)C(C)C	126698360	SGEZUPXUIFJZIR-UHFFFAOYSA-N	C15H26O3
CCCCCC/C=C/OC(CC)OC(=O)C(=C)C	145783190	PCXVTOLONNVNAS-VAWYXSNFSA-N	C15H26O3
CC1=C(C(C[C@@H](C1)OC(=O)C)(C)C)CC[C@@H](C)O	11107900	WBRTUVPABQNTCM-DGCLKSJQSA-N	C15H26O3
CC(=C)C(=O)OC1(CCC(CC1)OC(C)(C)C)C	135225167	CATPBKLVZQUVNR-UHFFFAOYSA-N	C15H26O3
CC.CC1(CO1)C2CCCC3C(=O)CCC(C2)O3	142148830	ABSQMRMNMNNYDU-UHFFFAOYSA-N	C15H26O3
CCC(OCC(=C)C)(OCC(=C)C)OCC(=C)C	20466898	UOHYKCZDQNWVGO-UHFFFAOYSA-N	C15H26O3
CC(C)CCC\1CCO/C1=C\C(=O)OC(C)(C)C	11311361	AGHYPWJYQQYUGF-RAXLEYEMSA-N	C15H26O3
CC1(CCC(=O)CC1)OC(=O)C(C)(C)C(C)(C)C	20593681	UTFWXRNWWGBULH-UHFFFAOYSA-N	C15H26O3
CC(=C)C(=O)OC1(CCCCC1OC)C(C)(C)C	135225176	BOYIBRKXJDQQIY-UHFFFAOYSA-N	C15H26O3
C=CCCC(CCC1C(=C)CC(O1)CCCO)O	152919039	VRICKIROIZBJFU-UHFFFAOYSA-N	C15H26O3
CC(=CCC1C(O1)(C)C2C[C@@H](CCC2OC)O)C	144265544	UGVDWNICTDDWRQ-SHIHICALSA-N	C15H26O3
C/C=C/[C@]1(C[C@H](CC[C@@H]1C(C)C)C)OC(=O)OC	11054218	RJXIZWNOCIXIEV-HZCDWFGRSA-N	C15H26O3
CCC1C(CCO1)C(C2CCOC3(C2)CCC3)O	114104669	MCSYFDYQHBQDEJ-UHFFFAOYSA-N	C15H26O3
CC1CCC(O1)CC2(CCC(CC2)(C)C)C(=O)O	103142326	LJPLCMVFPKDEMT-UHFFFAOYSA-N	C15H26O3
CCCCCCCCCCC[C@@H]1[C@@H]2[C@@H](O2)C(=O)O1	124427523	RVDIQXNCNKUGFL-MGPQQGTHSA-N	C15H26O3
CC1(C2CCC1(C(C2)OCCCC(=O)OC)C)C	80391387	AEOMGYKLUBEUDA-UHFFFAOYSA-N	C15H26O3
C[C@H]1CC[C@H]2[C@H](C1)CCC(=O)[C@]2(C)COCOC	46872546	NCYIEGYWLOPTOA-PWNZVWSESA-N	C15H26O3
CCCCC[C@H]1[C@H](CCC1=O)CC(=O)OCCC	76961280	IPDFPNNPBMREIF-OLZOCXBDSA-N	C15H26O3
CC1CC(CCO1)(C2CCOC3(C2)CCCC3)O	79913858	PZTOSGFFCQXGTJ-UHFFFAOYSA-N	C15H26O3
C[C@H]1CC[C@@]2([C@@H]3CC[C@]([C@H]3[C@@H]([C@]1(O2)C)O)(C)O)C	139585538	PIYWHRNORFKMHX-JTGSROGXSA-N	C15H26O3
CC(CC1CC1)(C2CCOC3(C2)CCOCC3)O	116225211	JUANEMZUCPEUCU-UHFFFAOYSA-N	C15H26O3
CC1C(OC(C1C(=O)CCCC2CCCO2)C)C	113657857	AVNMDBBSQHYFOO-UHFFFAOYSA-N	C15H26O3
CCCCCCC/C=C/C=C(\C)/[C@@H](CC(=O)O)O	16737924	WDNUVAZKNKGOOC-IOJKNSQYSA-N	C15H26O3
CC(=O)[C@@H]1[C@@H](C[C@H]([C@]2([C@H]1C(CCC2)(C)C)C)O)O	10800960	FIPQUFXNPGNDFR-HVNMYJMUSA-N	C15H26O3
CCC(C)C(=O)OC1(CC2CCCC(C2)(C1)O)C	129119266	HKCOBZSDDDKJRR-UHFFFAOYSA-N	C15H26O3
COC(=O)CCCCCOCC=CCCCC=C	139893546	MGADHEIWCRXCQR-UHFFFAOYSA-N	C15H26O3
C/C(=C\CCC1(OCCO1)C)/CC/C=C(\C)/CO	11807229	KQNRBKXSSGWRPN-CCLLZULESA-N	C15H26O3
CCCCCCCCC(=O)[C@@H]1C[C@H]1C(=O)OCC	67601301	VMQQLAGJSRPEIG-CHWSQXEVSA-N	C15H26O3
CCC(CCC1=C(C[C@@H](CC1)C)C(=O)OCC)O	145566953	PHOMPXJATNRLNM-JTDNENJMSA-N	C15H26O3
CC(=CCC1[C@H](C[C@@](C1(C)C)(C)O)C(=O)OC)C	57152179	FPCHRAHUVDJWOR-CPNOVKFWSA-N	C15H26O3
CC(C)(C)C1C(=C(C=CC1(O)OC)O)C(C)(C)C	140033404	ZCTNRNJAASHZQS-UHFFFAOYSA-N	C15H26O3
CCC1CCC(CC1)(CC2CCC(O2)C)C(=O)O	103142323	PXAMGRMTDHBJII-UHFFFAOYSA-N	C15H26O3
CC(=O)OC(CCCCCCO)CCCCC#C	86668331	BRFOIXSWCDSGRF-UHFFFAOYSA-N	C15H26O3
C[C@]1(CC/C=C(/CC[C@@H]2[C@@H]1C[C@]2(C)CO)\CO)O	10706141	ZXXPPFVLMJDNBO-MNVIUANYSA-N	C15H26O3
CCCCCCOC[C@H]1[C@H]2CC[C@@H]([C@H]1CC=O)O2	88677343	YUVCARXLQOZSNA-LJISPDSOSA-N	C15H26O3
CC(=O)OC1CCCCCCCC(/C=C/CC1)O	67068085	LZEDUWBSWUFSQM-JXMROGBWSA-N	C15H26O3
C1CCC2(CC1)CC(CCO2)C(C3CCOC3)O	79913023	QJIQIHNWEHLOGE-UHFFFAOYSA-N	C15H26O3
CC1=C2[C@@H](CC([C@@H]2O)(C)C)[C@](CC[C@@H]1CO)(C)O	46872468	KAHAKMSPIVIBRW-NLRBGTRBSA-N	C15H26O3
CC(C(=O)O)[C@@]1(CC[C@@]2(CCCC[C@@]2(C1)C)C)O	151322015	OGQVFUSEJULOHF-FBAPMCOASA-N	C15H26O3
CCC(C)(C)C(=O)C1C2CCC(O1)C(C2)OCC	91415743	ILSWPRXCCVBRDS-UHFFFAOYSA-N	C15H26O3
CC1C/C=C/C[C@@H](OC(=O)CCC[C@@H]1O)C(C)C	117684303	UABLBQQGGCNTFK-KOODYIBBSA-N	C15H26O3
CCOC(C)OCC.C=CC12CCC(C1)CC2=O	70511872	CLFUHIAUGIBRAZ-UHFFFAOYSA-N	C15H26O3
C[C@H](CCO)/C(=C/CC/C(=C/COC(=O)C)/C)/C	10729641	RFRSQBBBMINXDL-OZMNWWNZSA-N	C15H26O3
C[C@H]1CCC2([C@@]3([C@]1(C[C@H](C2(C)C)[C@H](C3)O)O)C)O	102509664	PENMDTSIWZRBOR-GJPUQBFESA-N	C15H26O3
C1CCCC[C@@H](/C=C/CCC(=O)OCCCC1)O	11139691	KORDJZNSVWQRMZ-OIOXUXFSSA-N	C15H26O3
CCC1CCCC(C1)(CC2CCCCO2)C(=O)O	79428852	RCADIDZBFPQCET-UHFFFAOYSA-N	C15H26O3
CC(=O)CCCC1C(OC2(O1)CCCCC2)(C)C	10944979	UORFVMRPUHBFSD-UHFFFAOYSA-N	C15H26O3
CCC(C1CC1)(C2CCOC3(C2)CCOCC3)O	79912388	NUQYHVBJYIDHKE-UHFFFAOYSA-N	C15H26O3
CC(=O)OC/C=C/CCCCCCCCCC=O	11565088	ZGFOYEFTQDNNCW-ZRDIBKRKSA-N	C15H26O3
CCCCC#C[C@H]1CCC[C@H]1OCOCCOC	21631478	APEKPGQHGNZMDO-LSDHHAIUSA-N	C15H26O3
CC1(C2CCC1(C(C2)OC(=O)OC(C)(C)C)C)C	80467830	OSOMSIZFKZAEPA-UHFFFAOYSA-N	C15H26O3
CC1(CCCC2(C1CCC(C2C(=O)OC)O)C)C	85167881	PNORERWVNDPBJT-UHFFFAOYSA-N	C15H26O3
CC(C)C(C(=O)C1CCCCCCC1)C(=O)OC	80601852	UYPINARUBVZAGU-UHFFFAOYSA-N	C15H26O3
CC(C)[C@H](CC(=O)CC1CCCCC1)C(=O)OC	58331676	DZOJPTVEPJUXBO-AWEZNQCLSA-N	C15H26O3
C[C@H]([C@H](C[C@@H]1CC=C[C@H](O1)CC=C)OC)C(C)O	11219016	XYEIWJBISMWVHM-WRHJKRJHSA-N	C15H26O3
C[C@@H]1C[C@H]([C@@H]([C@@]2([C@@H]1C[C@H](CC2)C(=C)CO)C)O)O	146682532	FCRVYTFWLQYQSF-NPEPDHPWSA-N	C15H26O3
CC(CC[C@@H]1C(=C)CC[C@@H](C1(C)C)O)CC(=O)O	139584854	NVXZQXONYVZZPN-SOYIIFOFSA-N	C15H26O3
CC(C)CCC1CCCCC1(O)OC(=O)C(=C)C	68974379	KCOICVWYGHJYHH-UHFFFAOYSA-N	C15H26O3
CCCCCCCCC(C(=O)C)C(=O)OCC=C	86063214	TVLIDSIZFORFPO-UHFFFAOYSA-N	C15H26O3
CC1CC(CO1)C(C2CCOC3(C2)CCCC3)O	115823186	RJGXMGBOOMSXIL-UHFFFAOYSA-N	C15H26O3
CCCCCC1C(CCC1=O)CC(=O)OC(C)C	15452635	GBPVMKHZIRWSII-UHFFFAOYSA-N	C15H26O3
C[C@H]1[C@@H](O1)CC(=O)O[C@H](C)C2CCCC(C2)(C)C	18439600	IWHMRYSTEXRISM-GADZMNMWSA-N	C15H26O3
C[C@@H]1CC2(CC([C@@]1(C=C)O)(C)C)O[C@@H]([C@H](O2)C)C	70519860	NQHWKWZOSKYXGB-BLTAXRJOSA-N	C15H26O3
CCCCCCCCCC(C#CCOC(=O)C)O	24787559	URGSUHVLQGUJKE-UHFFFAOYSA-N	C15H26O3
CC[C@H](C)C(C)(C)C(=O)C(=O)/C=C(\C)/[C@H](C)OC	130466245	NJWDDVURABYIPS-GSGCRYEPSA-N	C15H26O3
CC.COC(=O)CCCCCCC1=CCCC1=O	141945867	NBRULKWNLGYEJG-UHFFFAOYSA-N	C15H26O3
C1CCCCCC(=O)CCC(=O)OCCCCC1	71340476	GAELBVRMXHDMLI-UHFFFAOYSA-N	C15H26O3
CCOC(=O)[C@H]1CCC([C@H](C1)[C@H](C)CC=O)(C)C	24823393	LXVDYSRPPBAWBZ-FRRDWIJNSA-N	C15H26O3
CC1(CC(OC1CC(=O)OC(C)(C)C)(C)C=C)C	135278506	CJVHBRTXPLVUIU-UHFFFAOYSA-N	C15H26O3
CC(C)C(C(=O)C1CCOC2(C1)CCCC2)OC	116708575	KKSGGCIXTAWQIR-UHFFFAOYSA-N	C15H26O3
C/C(=C\COC(=O)C(C)(C)C)/CCC1C(O1)(C)C	11322784	ZXJFQTIWZOTEKM-PKNBQFBNSA-N	C15H26O3
CCCCCCCCCCC(=O)[C@@H]1CCC(=O)O1	10800956	STIRBIXEVCCOMC-AWEZNQCLSA-N	C15H26O3
CC(=O)[C@H]1CC[C@]2([C@@]1(C[C@@H](CC2)C(C)(C)O)O)C	11459477	BSPVDTQHKDDPRO-UXOAXIEHSA-N	C15H26O3
C/C=C(\C)/C(=O)OC(C)(C)C1CCC(CC1)(C)O	138542688	BSQCXZZLTKIPGY-IZZDOVSWSA-N	C15H26O3
C=CCC(CCO)(CC=C)C(CC=C)(CO)CO	20304481	OSCZTSSINHBTEF-UHFFFAOYSA-N	C15H26O3
CCC(C(=O)C1CCOC2(C1)CCCC2)OCC	113554810	QSRGZYDHDBEVAQ-UHFFFAOYSA-N	C15H26O3
CCCC(C)C1C(C(=O)OC1=O)C(C)C(C)CC	139457844	PONBEIYOHKDSHB-UHFFFAOYSA-N	C15H26O3
CC(/C(=C\C=C\C(=O)OC(C)(C)C)/C)C(C)(C)O	145997826	HDYWHKCGHFFVOF-GOOGBFEESA-N	C15H26O3
C1CCC2(C1)CCC(O2)COC3CCC(CC3)O	102898685	LPALYFGZHLTWNX-UHFFFAOYSA-N	C15H26O3
C/C=C(/C1CCC(CC1)CO)\C(=O)OC(C)(C)C	148194230	KGWDRDHAPIZJDA-ACAGNQJTSA-N	C15H26O3
C1CCC2CC(CCC2C1)C3C[C@@H]([C@H](O3)CO)O	10377620	FRKKXOKNKWYTLK-ANGNNELISA-N	C15H26O3
CCC1=C(C(=O)C(O1)(C)C(C)CC)OC(C)CC	21465665	YFWLJIPXRLCSKT-UHFFFAOYSA-N	C15H26O3
C[C@H]1CCC2CCC[C@@H]3[C@@H]2[C@@H](O1)OC([C@@H]3C)OC	143824611	YAVQVCBPRSRRIL-WVOTYWTESA-N	C15H26O3
CCCC[C@H](/C=C/[C@H]1COC2(O1)CCCCC2)O	101838990	AFTPSGWCAUBPTJ-VRZZLATASA-N	C15H26O3
CC1(CC2CCC1C2COC)OC(=O)C(C)(C)C	126536556	LBXGNUSHATZTFL-UHFFFAOYSA-N	C15H26O3
C[C@]12CCCC([C@H]1[C@@H]([C@H]3[C@@]([C@@H]2CO)(O3)C)O)(C)C	124407661	CQPOKEOPVJGEOP-RIMRTXSHSA-N	C15H26O3
CCOC(=O)CC(C(CC=C)CC1CCCC1)O	129283726	XSNMEAYPWOWUHQ-UHFFFAOYSA-N	C15H26O3
CC(C)O[C@H](CCC(=C=C(C)C)C)CC(=O)OC	134981784	OZCPKCAYVUNXTC-CQSZACIVSA-N	C15H26O3
CCCC(C)COCC1=CC=C(C=C1)OC.CO	142849918	QMFBNIZGUIIOIN-UHFFFAOYSA-N	C15H26O3
CC(C)C(C(=O)OC)C1(CCCC(C1)C2CC2)O	64625064	VULPHMVSRBZFNO-UHFFFAOYSA-N	C15H26O3
CCCOC(=O)CCC(=O)C1CCCC(C1C)C	19784744	MEPGIMRCBKAQPZ-UHFFFAOYSA-N	C15H26O3
CCC.COCCCCOC1=CC=C(C=C1)OC	143283266	NSRFEKNMYZESBO-UHFFFAOYSA-N	C15H26O3
CC1=CC[C@H](CC1)[C@](C)(CCC(C(=C)C)OO)O	14707126	UCDOXAHBJJGSNY-LOWNFYCTSA-N	C15H26O3
C[C@H]1C[C@@H]1[C@@H]2C[C@@H](OC(O2)(C)C)C/C=C(\C)/CO	11630243	NTRZDBMZQSKQRH-MBAHPQJTSA-N	C15H26O3
C[C@@]12CC[C@H](C[C@H]1C(=C)C[C@@H](C2)O)[C@](C)(CO)O	122401308	BEVFQWRXZRIPFN-QTVXIADOSA-N	C15H26O3
CC(C)CCCC(C)CC=CC(=O)CC(=O)OC	129705744	WBFGLKWMLLTBNB-UHFFFAOYSA-N	C15H26O3
C[C@@H]1CC[C@@H](C[C@H]1O)C(=CCCC(C)C(=O)O)C	139585090	KQWBWFOORNOSRM-NIWMIYJQSA-N	C15H26O3
CCC1(C2CC3C1CC3CC(C2)(C)OCOC)O	146849839	SIIZXPRGLUZAMQ-UHFFFAOYSA-N	C15H26O3
CC1C(O1)CC(=O)O[C@@H](C)C2CCCC(C2)(C)C	87832044	IWHMRYSTEXRISM-DCNVRKPOSA-N	C15H26O3
CC1(CC2C(CC1CC2OC3CCCCO3)O)C	85186676	NHPPFQUCJOGAQU-UHFFFAOYSA-N	C15H26O3
C[C@H]1CC[C@@H]([C@H]1CCCCCCC(=O)OC)C=O	88878037	VIEDKOSDCDVQGJ-MJBXVCDLSA-N	C15H26O3
C[C@@]12CC([C@@](C1)(CC([C@@H]3[C@@H]2CC3(C)C)O)CO)O	102528098	HCEFLAKBDPUXNY-BFGASJNISA-N	C15H26O3
CCCCC[C@@H]1[C@H](CCC1=O)CCCC(=O)OC	139584145	UHUOVKQTMKOWAH-QWHCGFSZSA-N	C15H26O3
C[C@@H]1CC[C@@H]2[C@]1(C(=C[C@H]2O)C)CCCOCOC	10538898	ALCIWQVQBJYFIS-FAAHXZRKSA-N	C15H26O3
CCC1CC(=C(O1)C(CC)C(C)C)C(=O)OCC	53898844	HVRGGEUENPEADO-UHFFFAOYSA-N	C15H26O3
CC(C)(C)C1=C(C(=CC(C1)(O)OC)C(C)(C)C)O	141124400	OBIUXFYJIMUZQN-UHFFFAOYSA-N	C15H26O3
CC(C)C(C(=O)OC)C1(COC1)C2CCCCC2	117550490	PSTVWDKHOLTRLN-UHFFFAOYSA-N	C15H26O3
CCC(CC(=O)CC(CC)C1COC1)C2COC2	141131191	CQHQTTPURMWJCH-UHFFFAOYSA-N	C15H26O3
CCCCCCC[C@H]([C@@H](CC#C[C@@H](C=C)O)O)O	88872113	XWILOQTWYHPWGL-RBSFLKMASA-N	C15H26O3
CC(C)C(CCC(=O)C)/C=C/C(=C)COCOC	10967050	QNBZSAOZGWMQIC-SOFGYWHQSA-N	C15H26O3
C/C=C(\C)/CCCC(=O)OCOC1CCCCC1	23554085	QZUKTOYYDZLRCX-QLKAYGNNSA-N	C15H26O3
CC[C@@H]1CCCC[C@@H]1OC(=O)CC[C@H]2CCCO2	124840642	IXZHSMKWHNVMBX-MCIONIFRSA-N	C15H26O3
CC(CCC(=O)C(C)(C)O)[C@H]1CC[C@](C=C1)(C)O	139585723	SIPNOLNROKKJJJ-AADWAWOOSA-N	C15H26O3
C[C@@H]1CC[C@H]([C@H]2[C@H]1CC[C@](C2)(C)O)[C@@H](C)C(=O)O	21580820	HSOPBTCGSYKCGY-FEPPMDFBSA-N	C15H26O3
CC1C(C(=C(C(C1(C)O)(C)C)C)C(=O)OC)(C)C	71185280	QBCUMCBOOUIWQI-UHFFFAOYSA-N	C15H26O3
CC1(CCC(CC1)(CC2(CCCC2)O)C(=O)O)C	79429318	HCYWUCSIAGGLSM-UHFFFAOYSA-N	C15H26O3
CC1CCC(CC1)(C2CCCCCC2O)C(=O)O	79425753	MUKYAHIYKSXQER-UHFFFAOYSA-N	C15H26O3
C[C@@]12CC[C@@H]3[C@]([C@@H](CCC3(C)C)O)([C@H]([C@@H]1O2)O)C	102307040	RUELFUUGMXMSMP-ABBQYLIMSA-N	C15H26O3
CCC1CC(CCO1)(C2CCOC3(C2)CCC3)O	79913397	HNSUASJAZJDJGE-UHFFFAOYSA-N	C15H26O3
CC1CC(=O)CCCCCCCCCCC(=O)O1	85536525	RIFYFRLMMYUQNP-UHFFFAOYSA-N	C15H26O3
CCCCCC/C(=C\CC)/C(=O)OCOCC=C	140574427	UQHOVAMYLJQXMM-GXDHUFHOSA-N	C15H26O3
CC(C)C1C[C@]2([C@H]3[C@@H]([C@@](C1)(O2)C)OC(O3)(C)C)C	71019374	WRYDQYOFXFPKAY-SRJRYOLQSA-N	C15H26O3
C[C@H]1CCC2(CCC3(C([C@@H]2O1)(C)C)OCCO3)C	135272464	LSQJKCVLHVCKPN-VHBIQUBJSA-N	C15H26O3
C/C/1=C\CC[C@]2([C@H](O2)[C@H]([C@@H]([C@@H](C1)O)C(C)C)O)C	101702140	ZLJPGLNKPXPCBJ-GPODHKBVSA-N	C15H26O3
CC1C(=O)CCC2(C1(CC(CC2)C(C)(C)O)O)C	494444	RPYUWFZMGJFEJZ-UHFFFAOYSA-N	C15H26O3
C[C@@]12CCC[C@H]([C@@]1(CCC3(C2)OCCO3)C)CO	24796207	YGSOURSIZIATBR-IHRRRGAJSA-N	C15H26O3
CCCCC(=C(C(=O)CC)C(=O)OC(C)(C)C)C	140224554	SSMWYTDKHLPOSS-UHFFFAOYSA-N	C15H26O3
CCCCOC=C[C@H]1C[C@H]([C@@H]([C@@H]1CO)CO)C=C	123810447	GYAABVAJSCGSFA-CBBWQLFWSA-N	C15H26O3
CC(C)[C@@]1(CC[C@]2([C@H]1CC3(CC2)OCCO3)C)O	60149236	RBMSVBXEBKSROP-VNHYZAJKSA-N	C15H26O3
C[C@H]1CCC[C@@H](C1)OC(=O)O[C@H]2CCC[C@@H](C2)C	140609212	KSJKSOGQXQVYAL-XUXIUFHCSA-N	C15H26O3
CC1C2[C@@H](C3CCCCC3CC2C(O1)OC)CO	59891018	KGEKVIZSTNHHRV-LMUDXAESSA-N	C15H26O3
CCCC1CCC(CC1)(C2CCCOC2)C(=O)O	113922019	RFKVSDLCSMOPHT-UHFFFAOYSA-N	C15H26O3
CCCCCC1C(=O)CCC1(CCC)OC(=O)C	69871247	XSPDULZZDCHGAC-UHFFFAOYSA-N	C15H26O3
C1CC(OC1)CCCC2(CCOC2C3CC3)CO	113420928	OLUKXVHNURGBEX-UHFFFAOYSA-N	C15H26O3
CC1CCC(C1)CCCOC(C)OC(=O)C(=C)C	145603624	BJWDEDCDPHDUJL-UHFFFAOYSA-N	C15H26O3
CCCCCOC(=O)C(C)(C)C1CC(C1)C(=O)C	21411291	MSBSHJKVGWFHAV-UHFFFAOYSA-N	C15H26O3
CCCC(=O)CCCCC(=O)CCCCC(=O)C	154620497	OETSZROGMBMBKJ-UHFFFAOYSA-N	C15H26O3
CCC=CCCCCC(C)OCCOC(=O)C=C	153923860	WVOGTHUUQOUQJA-UHFFFAOYSA-N	C15H26O3
CC(C(C)OC)C1(CCCCC1)OC(=O)C(=C)C	145549071	XGCYOYFFPMBMBV-UHFFFAOYSA-N	C15H26O3
C[C@H]1[C@H](C[C@]2([C@@]1([C@@H]3CC(C[C@@]3(C2)O)(C)C)C)O)O	14487977	MXIZCSZWQVEQQV-XAUBGQFWSA-N	C15H26O3
C[C@H]1CC[C@@H]([C@H](C1)OC(C(=C)C=C)OO)C(C)C	101035375	CLUXIDFMVDPYHM-MFLQWKMISA-N	C15H26O3
CC(C)CCC(=O)CC(=O)CC(=O)CCC(C)C	87903583	UNSSFPXTWGLYPL-UHFFFAOYSA-N	C15H26O3
CCCCCCCCCCC(=CC(=O)O)C(=O)C	85800996	RAOFKGGOCSXXCW-UHFFFAOYSA-N	C15H26O3
COC1CCC(CC1)C(=O)C2CCCC(C2)OC	140500147	HKEIGQUMRUIVDT-UHFFFAOYSA-N	C15H26O3
CCCCCC1C(C(CC1=O)O)/C=C/C(CC)O	21720691	CSFQXECTJBPWFE-CMDGGOBGSA-N	C15H26O3
CCCCCC[C@@H]1[C@H](OC1=O)CC(CCC=C)O	53798422	FGRMZDNDNMUTII-ILMHWDKJSA-N	C15H26O3
CCCCCCCCC1C(C(=C)C(=O)O1)CCO	137655312	PSIYAXNYFFESNZ-UHFFFAOYSA-N	C15H26O3
CCC(C)(C)C(=O)OC(C12CCC(C1)CC2)OC	57932182	OCWABTAPPKDWJQ-UHFFFAOYSA-N	C15H26O3
CCCC(C)(CC)C(=O)OCC1CCC2C(C1)O2	148538922	MRTVOKQHWYLUSQ-UHFFFAOYSA-N	C15H26O3
C[C@H](CC(=O)CC(C)C)C1CCC(CC1)C(=O)O	91713069	SJHMVTADTZCIMQ-PNESKVBLSA-N	C15H26O3
CCCCCCCC(=O)CCC1C2(O1)C(O2)CC	87878947	KNLCVBBFAWEEPT-UHFFFAOYSA-N	C15H26O3
CCC(=O)OCCC1CC12CCC(C(C2)(C)O)C	146971678	AMNSSUMPKNQCDV-UHFFFAOYSA-N	C15H26O3
C[C@@H]1CC[C@]23C1C[C@@H]([C@]2([C@H]([C@@]([C@H]3C)(C)O)O)C)O	101615182	VCQXSNIVYQGRQU-ACMIGFSISA-N	C15H26O3
CCOC(=O)[C@H](C)[C@H]1CC[C@H]2[C@@]1(CCC[C@@H]2O)C	10515129	GCHRSKWBDQKYAF-XLFUENPSSA-N	C15H26O3
CCC1C(CCC2C1(C(OC(=C)C2C)C)OO)C	123431724	WCOZGBOFDXUVOV-UHFFFAOYSA-N	C15H26O3
CC1(CCC(CC1)OC2(CCC2)CC(=O)OC)C	103272892	NDOABJVYHBJFGX-UHFFFAOYSA-N	C15H26O3
CC(=CCC/C(=C\COC(=O)OC(C)(C)C)/C)C	90362267	ZVROHSSMXOIDPT-RAXLEYEMSA-N	C15H26O3
CC.CC1(OC[C@H](O1)/C=C/2\CCCCCC2=O)C	91521234	BVJAHMKJNQQHJH-NIGNLGOMSA-N	C15H26O3
C[C@@H]1CCC[C@H](C1)OC(=O)O[C@@H]2CCC[C@H](C2)C	89599777	KSJKSOGQXQVYAL-AAVRWANBSA-N	C15H26O3
C1CCCC(CC1)OC2CCC3(CC2)OCCO3	113414119	IKRLFCKVPRBVFK-UHFFFAOYSA-N	C15H26O3
CC(C)[C@H]1CC[C@]2([C@@H]1C3[C@](CCC2(O3)O)(C)O)C	102479286	DHUDRGOPTAAHRB-ABCQEYTCSA-N	C15H26O3
CCCCCCOC1CCC(CC1)OC(=O)C=C	141143325	JENQWAJNKVQPKX-UHFFFAOYSA-N	C15H26O3
CC(C)[C@@H]1CC[C@@]2([C@@H]([C@@H]1O)[C@@](CCC2=O)(C)O)C	12067215	TWXJOBQSLRCOQR-YADOHIMWSA-N	C15H26O3
CCCCCCC(CCC(=O)C)(C(=O)C)C(=O)C	102137205	BSAASLVWUZWGIN-UHFFFAOYSA-N	C15H26O3
CCOC(C=C)OOC1(CCC2CC1C2(C)C)C	88388292	DBGRPXSZEGHFRE-UHFFFAOYSA-N	C15H26O3
C[C@@]12CCCC([C@@H]1CC[C@@H]([C@@H]2C(=O)OC)O)(C)C	101048553	PNORERWVNDPBJT-UUIJZJDISA-N	C15H26O3
C(CCCC=CCCCCC=O)CCCC(=O)O	151831725	SEULVJKYTNQABZ-UHFFFAOYSA-N	C15H26O3
CCCCC1(C(=CC2(CC1(C)C)OCCO2)C)O	14759595	WQQDPPOPHSSONO-UHFFFAOYSA-N	C15H26O3
CC(C)(C)CC(CC1CO1)(CC2CO2)CC3CO3	145802321	KYVCLQQHBXYQMA-UHFFFAOYSA-N	C15H26O3
CC1CCC(C(C1)OC(=O)C(CC=C)O)C(C)C	73083736	ZBKYJSPWZDMJOJ-UHFFFAOYSA-N	C15H26O3
CC(C)C1C(C(=COC1C(=O)O)C(C)C)C(C)C	154251332	DVSNTRIHXUPTIF-UHFFFAOYSA-N	C15H26O3
CC(C)C=CC(=O)OC(C)(C)CC(C)(C)C(=O)C	118302706	HKFQXIJEFFHTDT-UHFFFAOYSA-N	C15H26O3
CCCCCCC[C@H]([C@H]1[C@H](OC(O1)(C)C)C#C)O	53244180	HZLNCRBJVNJGHZ-MCIONIFRSA-N	C15H26O3
CCC(C)(C)OOC(C)(C)C#CC1(CCCC1)O	14968824	NEKGPEZCHWRFCL-UHFFFAOYSA-N	C15H26O3
CC.CC1CC(=O)OC1=O.CC(C)CC(=C=C)C	144632736	UNZFCPYATSMYTD-UHFFFAOYSA-N	C15H26O3
C[C@]12CCCC(=C)[C@]1(C[C@@H](CC2)C(C)(CO)O)O	10400095	UJAAZUOEEYZOLC-VOFREWHGSA-N	C15H26O3
COC1CCCC(C1)OCC(=O)C2CCCCC2	113449042	IJJQRJXWYBPNPQ-UHFFFAOYSA-N	C15H26O3
CC(C)(C)OC(C1CC2C=CC1O2)OC(C)(C)C	70171305	YEGSEMUWJSPFHQ-UHFFFAOYSA-N	C15H26O3
CC(C)C1CCC2(CC1)C(O2)(C(C)C)C(=O)OC	79297975	NOJYTZQSPBPHRT-UHFFFAOYSA-N	C15H26O3
CCCC1(C2(O1)CCCC(CC2)C)C(=O)OCC	83046829	FDEHRSBWAWUVMY-UHFFFAOYSA-N	C15H26O3
CCC(C)C(=O)OC1(CCCCC1)C2CCCO2	57880056	YDLWBDKHVYOHCD-UHFFFAOYSA-N	C15H26O3
CC1CCCC(C1CC/C(=C(\O)/OC=O)/C)(C)C	140806632	JUOPXKHBXHKPOY-WYMLVPIESA-N	C15H26O3
C[C@@]12CC[C@H](C[C@H]1C(=C)CC[C@H]2O)[C@@](C)(CO)O	102065881	XBGOVHVTKKNZFH-XLWJZTARSA-N	C15H26O3
CC(=CCCCCCCCCCC1CO1)C(=O)O	91304457	MDAPKCQYNWWECE-UHFFFAOYSA-N	C15H26O3
C[C@H]1C/C=C/C[C@@H](OC(=O)CCC[C@@H]1O)C(C)C	56949872	UABLBQQGGCNTFK-LLSFEVHBSA-N	C15H26O3
C1CCCC(CC1)(C(C2CCCCC2)C(=O)O)O	231685	XQOUFQTXPZMJTR-UHFFFAOYSA-N	C15H26O3
COCC(C1CC1)(C2CCOC3(C2)CCCC3)O	80410240	FYYGVUCBHRJTPS-UHFFFAOYSA-N	C15H26O3
CCCCC/C=C/[C@H]1[C@]2(CO2)[C@H]([C@H](CO1)C)OC	22855992	YVTPNZFLJHOMQC-IYAWOYCZSA-N	C15H26O3
CC1C[C@H](C2[C@@H]1C[C@H]3C(C[C@@]2(OC3(C)C)C)O)O	6325467	HMTVXYYWICMXMY-NSFSPRKNSA-N	C15H26O3
CCCCC[C@H](/C=C/C=C\CCCC(=O)OC)O	11021447	LXLJDLISTDWZAL-UXEPQUSHSA-N	C15H26O3
CC1(C[C@H]2[C@@H](C[C@H]1C[C@@H]2O[C@@H]3CCCCO3)O)C	125035059	NHPPFQUCJOGAQU-PDWCTOEPSA-N	C15H26O3
CCOC1(CCOCC1)C(C2CC3CCC2C3)O	114245854	VBKPQXBFVAWSHS-UHFFFAOYSA-N	C15H26O3
CCOC1(CCCC(C1)C)C(=O)C2CCOCC2	116749871	JJYMDOUSNBOSRP-UHFFFAOYSA-N	C15H26O3
CCC1(C2(O1)CC(CC(C2)(C)C)C)C(=O)OCC	79299234	HQABTMBPPCDSKE-UHFFFAOYSA-N	C15H26O3
CC(C)(C)[C@H]1CCC2([C@]3(C1)CCCO3)OCCO2	93971351	XRCZYVAXRRTSLN-GXTWGEPZSA-N	C15H26O3
C1CCC(CC1)C(C2(CC2)OC3CCCCO3)O	134894631	KLXXNCFGGPWOPW-UHFFFAOYSA-N	C15H26O3
C1CC(=COC1)CCCCCCCCCC(=O)O	150406234	HEUXPVGLLYQIMY-UHFFFAOYSA-N	C15H26O3
CC(C)(C)OC[C@@H]1CC(C(=O)C1=C)OC(C)(C)C	155283976	JHILQGZTUNMTAW-PXYINDEMSA-N	C15H26O3
CCC1CCC(C1)C(=O)C(C(C)C)C(=O)OCC	65405978	NSVRZBQGPNWITI-UHFFFAOYSA-N	C15H26O3
CC1(CCC(CC1)C(C)(C)C(=O)OC)C(=C)OC	126628547	JBTKTBCUXNZMJB-UHFFFAOYSA-N	C15H26O3
C[C@@]12CCCC(C1CC[C@@H]([C@H]2C(=O)OC)O)(C)C	10515132	PNORERWVNDPBJT-HSFPCVPJSA-N	C15H26O3
CC(C)CCOC(=O)CC1CC(C1(C)C)C(=O)C	54211082	PVZOUXAZXVPPGX-UHFFFAOYSA-N	C15H26O3
CCCCCCCCC[C@@H]([C@@H]1CCC1=O)C(=O)O	124638657	RKFUMSAQPPBKFN-STQMWFEESA-N	C15H26O3
CCC1(C2(O1)CCCCC2C(C)C)C(=O)OCC	81917839	UJWHELARAUYEBB-UHFFFAOYSA-N	C15H26O3
CC(=COCC(COC=C(C)C)OC=C(C)C)C	87659581	DFVLBEMWLIQVDZ-UHFFFAOYSA-N	C15H26O3
CCC1CCC(CC1)C(=O)C(CC)C(=O)OCC	65389545	CHRPCUBASWJGBG-UHFFFAOYSA-N	C15H26O3
C/C/1=C\C(CC2(C(O2)C(C(CC1)C(C)C)O)C)O	87989804	SIRCULICGXIYIW-JXMROGBWSA-N	C15H26O3
CCC[C@H](C=C)[C@H](CCC)C(=O)C(=O)OC(C)C	102021703	CTJLPQVEINPNDJ-STQMWFEESA-N	C15H26O3
C1CCC2CC(CCC2C1)C3CC([C@H](O3)CO)O	59919944	FRKKXOKNKWYTLK-IDWKVMDRSA-N	C15H26O3
CCCCC/C=C/C/C(=C\C(=O)OCC)/C(C)O	101918242	MMBHEDHHZGYPNU-MSEVIDPPSA-N	C15H26O3
CC(C)CCOC(=O)C(C)(C)C1CC(C1)C(=O)C	21411288	QXPLANZVQSTUHU-UHFFFAOYSA-N	C15H26O3
CCCCCCCCCC(=O)/C=C/C(=O)OCC	101183969	HOYGZEYHNYAINE-OUKQBFOZSA-N	C15H26O3
C[C@]1(CC[C@@H]2[C@H](C[C@@]2(C)CO)[C@]3(CC[C@H]1O3)C)O	21635795	KZECFWSPXFFTBL-ARSDKDGVSA-N	C15H26O3
CC/C(=C\C)/CC[C@H]([C@@]1(CCCO1)C)OC(=O)C	11747179	AUAOYVNXPVKERQ-MZGVWUSBSA-N	C15H26O3
C[C@]12CC[C@@H]3C[C@@]1([C@]([C@H](CC2)O)(C)O)OC3(C)C	11780067	QDZQKRSRABUOAX-OBRUSBNWSA-N	C15H26O3
CC1(CC1C(C2CCOC3(C2)CCOCC3)O)C	113904056	PVENFWLFYPMMQL-UHFFFAOYSA-N	C15H26O3
C#CCCCC[C@H](CCCOC1CCCCO1)O	16069293	XUQFTEJNYRIKPF-GICMACPYSA-N	C15H26O3
C[C@@H]1CC[C@H]([C@@H](C1)OC(=O)[C@H]2CC2CO)C(C)C	146290266	WKEMTCDXRDGGFG-IEORDCBXSA-N	C15H26O3
CCOC1(CCOCC1)C(=O)CCCCCC=C	107008408	VDQCVLDAPYFEQZ-UHFFFAOYSA-N	C15H26O3
CCC1C(O1)CC(C)(C(=O)O)C2(CCCCC2)C	87355750	KDOKYNBHTHPJOY-UHFFFAOYSA-N	C15H26O3
CCOC(=O)CCCCCC[C@H]1[C@@H](CCC1=O)C	129362871	KXUSWXXLGLCNEG-OLZOCXBDSA-N	C15H26O3
CCCCCC(OCC=C)(OCC=C)OCC=C	141308405	VSXQJWBCYDAPBK-UHFFFAOYSA-N	C15H26O3
CC(C)C(C1CCC(CC1)C(=O)OC)(C2CC2)O	90380515	VDMSIJKUWMZZGP-UHFFFAOYSA-N	C15H26O3
CCCC1(C(O1)(C)C2CCCCC2)C(=O)OCC	83046826	PVVAEHFJOZTNEN-UHFFFAOYSA-N	C15H26O3
CCCCCCCCC=COC(C(=O)C)C(=O)C	118406213	VREJRVSYSHWNAR-UHFFFAOYSA-N	C15H26O3
CC(C)[C@@H]1CC[C@]2([C@H]([C@@H]1O)C(=C)C[C@H]([C@@H]2O)O)C	641723	QZZPVQAAGDDIRD-DEPYFDJDSA-N	C15H26O3
C1CCC(C1)CCCCCCCC2(CO2)C(=O)O	20471740	JRJHTRMMWXFCIS-UHFFFAOYSA-N	C15H26O3
C[C@@]1([C@H]2C[C@@]1(CCC2=C)O)CC[C@H](C(C)(C)O)O	139205363	SKGDKXWQBCFFDD-MYZSUADSSA-N	C15H26O3
CC(OCC1CO1)OC2CC3CCC2(C3(C)C)C	139974553	RMLDHZILVPWUDJ-UHFFFAOYSA-N	C15H26O3
CC(C)C1CCC(CC1)(C2CCCOC2)C(=O)O	107137948	CVGDRIACXFIXPI-UHFFFAOYSA-N	C15H26O3
CC1(CC(CC(C1CCO)(C)C)OC(=O)C=C)C	148780989	OKHBTPFSGOBMHX-UHFFFAOYSA-N	C15H26O3
CC(C)(C)C1CCC(CC1)OCCOC(=O)C=C	151018794	LXQJWLSKXAWANU-UHFFFAOYSA-N	C15H26O3
CC1=C(C(=C(C(C1)(C(C)CCO)OC)C)C)OC	19088022	HBDSMPTZWQILLF-UHFFFAOYSA-N	C15H26O3
C[C@@]12CCC[C@@]13C[C@H](C[C@@](C2)([C@H]3OCOC)C)O	10999617	YFQVRHIMEQXUJO-AICCOOGYSA-N	C15H26O3
C[C@H]1CCC=C([C@]12CC[C@](C2)(C(C)(C)O)O)CO	10634718	DDOAZMQODSTTKW-CQDKDKBSSA-N	C15H26O3
CC[C@H]1C[C@H](CC1CC(=C)C(=O)OC(C)(C)C)O	152874690	UACFCXSFODXUPM-IAMFDIQRSA-N	C15H26O3
CCCCOCCCC.COC1=CC=CC=C1O	118038381	YGDYPAJVLHDDBD-UHFFFAOYSA-N	C15H26O3
CCCCCCC(=O)OCC1CC(C2C(C1)O2)C	141297013	YGIQLLMVQYLBTF-UHFFFAOYSA-N	C15H26O3
CCCCCCC1(CCOCC1)C=C(C)C(=O)O	149818528	BQRCRQLOXGOAEL-UHFFFAOYSA-N	C15H26O3
CC1CCC(C1)(C2CC(OC2(C)C)(C)C)C(=O)O	114624339	PLXXZOCMZPFTNJ-UHFFFAOYSA-N	C15H26O3
CCC(=O)C(C)C(C)(C(C)C(=O)CC)C(=O)CC	58224446	BEAMIUYLLSVTDC-UHFFFAOYSA-N	C15H26O3
CC(C)[C@@H]1C[C@H]2[C@@](CC[C@H]([C@@]2(C)O)O)(CC1=O)C	139195283	FJGWZWDCKFMJJX-DJIJKHNZSA-N	C15H26O3
CCCCC(C)C1CCC(C1)C(=O)COC(=O)C	149136384	REZJGJIXCUARTO-UHFFFAOYSA-N	C15H26O3
CC1=CCC(CC1)[C@](C)(C/C=C/C(C)(C)OO)O	101589853	CMAYNQJQXIVKKO-CZNGQQCMSA-N	C15H26O3
CCC(=C)C(=O)OCCCCCCCCOC=C	129103184	YBQPQKQOXJEPEG-UHFFFAOYSA-N	C15H26O3
C[C@H]1C(=O)OCCCCCCCC/C=C\CCO1	69991473	GCGXJFKZDUJQNC-QPBFKRLHSA-N	C15H26O3
CCOC(=O)CC1CCC2(CCCCC2)CCO1	134907899	DRWIWGNINNYRNW-UHFFFAOYSA-N	C15H26O3
CC(C)C(C(=O)C1CCC(CC1)(C)C)C(=O)OC	65389873	NNJSLQAICIRMEP-UHFFFAOYSA-N	C15H26O3
CCOC(CC1CC2CC(C1=O)C2(C)C)OCC	22728450	BNULWOIHYRPPRT-UHFFFAOYSA-N	C15H26O3
C[C@@]1([C@@](O1)(C)C(=O)OC(C)(C)C)C2CCCCC2	134907567	ZNCHNJJELROPLO-LSDHHAIUSA-N	C15H26O3
CCCCC(CC)CC(C1CO1)OC(=O)C(=C)C	153324888	GZTSZGRRPXNPDF-UHFFFAOYSA-N	C15H26O3
CCCCCC1C(CCC2C1O2)CC(=O)OCC	149227077	XJORMAIXVXCEIX-UHFFFAOYSA-N	C15H26O3
CC.CCC.CC1=C(C=C(C=C1)C(C)C(=O)O)O	142107012	WFCAOJOJFXMUHA-UHFFFAOYSA-N	C15H26O3
CC(C)[C@H]1CC[C@]2(C[C@H]([C@H]([C@H]2[C@H]1O)C(=O)C)O)C	124835936	NQHGSTTYLUUHTC-JNWWKETESA-N	C15H26O3
C[C@]12CC[C@@H]3[C@H](CC3(C)C)[C@]([C@H]1O)(CC[C@H]2O)O	16091567	ZNZACRWMACXOCV-NJTCAMEISA-N	C15H26O3
CC1CCC2CC1(C2(C)C)OOC(C(=C)C)OC	154273335	RLRTVDAACPNWKT-UHFFFAOYSA-N	C15H26O3
C[C@@]1(CCC(C=C1)[C@@]2(CC[C@@H](C(O2)(C)C)O)C)O	102228759	FUFCOMVTKVHPIF-IQVOKHDLSA-N	C15H26O3
CCCCCC/C=C/[C@H]1[C@@H](C[C@H]2[C@@H]1CC(O2)O)O	148283692	KVWRIOVRSYDPPU-MAZXTMQZSA-N	C15H26O3
CCC(C)CC(=O)C1CCOC2(C1)CCOCC2	115784648	UWEQLLWXKRFUTO-UHFFFAOYSA-N	C15H26O3
CC(=O)OC1CCCCCCCC(C=CCC1)O	67068086	LZEDUWBSWUFSQM-UHFFFAOYSA-N	C15H26O3
CC1CC=CC[C@@H](OC(=O)CCC[C@@H]1O)C(C)C	123500159	UABLBQQGGCNTFK-KFTPUPIBSA-N	C15H26O3
C=CCCCCCCCCCOC(=O)OCC=C	101212367	BMRCWJMZJPSPOS-UHFFFAOYSA-N	C15H26O3
CC1CCC(CC1)C(=O)CCC(=O)OC(C)(C)C	17772949	ZYVABADAQHFXDJ-UHFFFAOYSA-N	C15H26O3
CCCCCCCCCCC1=C(OC(=O)O1)CC	150970706	LOAUOAJSDHDKSF-UHFFFAOYSA-N	C15H26O3
C[C@]12CC[C@@H](C(=C)[C@@H]1C[C@@](CC2)(C(C)(C)O)O)O	102274018	IVMFADZCHPAULC-VIRABCJISA-N	C15H26O3
CCCCC(CC)COC(=O)C1CCC2C(C1)O2	112475	ABAMRJVWDHJBTI-UHFFFAOYSA-N	C15H26O3
CCC1CCC(C(C1)CC2CCOCC2)C(=O)O	81020637	UYIBPVLDFULDSY-UHFFFAOYSA-N	C15H26O3
C[C@@H]1CC[C@H]([C@@H](C1)OC2C=C(COO2)C)C(C)C	11128874	MUDHZSJJAJKIBN-BMGQEUAGSA-N	C15H26O3
CCCCC(C1CCCC1)(C(=O)C)C(=O)OCC	67361498	OMRFLPJFESAYTM-UHFFFAOYSA-N	C15H26O3
CC(C)C1CC(C1)(C2CCOC3(C2)CCOC3)O	113831241	XBQZQUMYMPEWRB-UHFFFAOYSA-N	C15H26O3
CC1CCCC(C(CC2C(C(=O)OC2C1)C)O)C	71379601	IXWLBEYWQFHVHY-UHFFFAOYSA-N	C15H26O3
C[C@@H]1CC[C@@H]([C@]2([C@]1(C[C@@H](CC2)C3(CO3)C)C)O)O	11064986	UUYJHKHRQRRKHQ-WOXVELEUSA-N	C15H26O3
CC.CC1C(=O)CCC(C1=O)C2(CCCCC2)O	90919804	JIBVQWJLORNMMS-UHFFFAOYSA-N	C15H26O3
CC(C)[C@@H]1CC[C@H]2[C@]13CC[C@@]([C@H]([C@H]3OC2)O)(C)O	127027104	HCIKLQWPFAHTTJ-YXJLRHLOSA-N	C15H26O3
CC1CCC2CC(C(CC2(C1C)C)O)OC(=O)C	134971852	PMJXLWLJRHAZQH-UHFFFAOYSA-N	C15H26O3
CC(C)[C@H]1CC[C@]2([C@@]1(C[C@H]([C@H](C2)O)C(=O)C)O)C	102294436	JBUVDZNSKXFWKY-ZQNQSHIBSA-N	C15H26O3
CC(=C)C(=O)CCCCCCCCCCC(=O)O	140066376	WQIZABDKCVXFQQ-UHFFFAOYSA-N	C15H26O3
C[C@H](/C=C/[C@@H]1[C@@](CC[C@]1(C(C)C)O)(C)CC=O)O	21637357	CTUWZQMAWUIHJA-GVXWYUPHSA-N	C15H26O3
CCCCCCC(C(=C=CCC)C(=O)OCC)O	14961775	VWFFDJKHVMMCSC-UHFFFAOYSA-N	C15H26O3
CCOC=CCC1(CCCCC1C)C(=O)OCC	150881008	KVZXGPNYDSNEAL-UHFFFAOYSA-N	C15H26O3
C[C@H]1CCC[C@H](C1)[C@@](C2CCCCC2)(C(=O)O)O	92249192	MBMAQAGQHBXDMT-LNSITVRQSA-N	C15H26O3
CC(=O)OC1CCCCCCCCCCCC1=O	20165424	LHJSVKANGZYZFU-UHFFFAOYSA-N	C15H26O3
CCCCOC1CCC2CC(CCC2C1)C(=O)O	20496433	CQMIRDYECIVEII-UHFFFAOYSA-N	C15H26O3
CCC(C)C(=O)OC12CCCCC1CC(C2)(C)O	68033458	NAIDLKZLSSTKOS-UHFFFAOYSA-N	C15H26O3
CCC[C@H]1[C@@H](C[C@@H]([C@H](O1)C)C(=O)OCC)C(=C)C	57338472	YDZPQHDUDOTINJ-RFGFWPKPSA-N	C15H26O3
C[C@H]1CCCCCCCC[C@@](/C=C\C(=O)O1)(C)O	102006988	RBTXCLZAAHGECJ-JQQVXKHSSA-N	C15H26O3
CC1=C(C(C2(CC1)OCC(CO2)(C)C)(C)C)CO	11230563	LXYYJEFESIIWHG-UHFFFAOYSA-N	C15H26O3
C/C(=C\C[C@@H]([C@@](C)(C=C)O)O)/CC/C=C(\C)/CO	639032	HQOMBCGUQWKTRC-CYEDWZSRSA-N	C15H26O3
CCCCCCCCC(CC=C)(O)OC(=O)C=C	141088363	OEWUJWDPXHGIDM-UHFFFAOYSA-N	C15H26O3
CC(C)[C@H]1CC[C@@]2([C@H]([C@H]1C=C2CO)C(CO)O)C	139585193	RXPKQHKDOKEKEV-WQGXVZNYSA-N	C15H26O3
CCCC(=O)CCC1CCOC2(C1)CCOCC2	79923224	GVLDVGUEDNRHEK-UHFFFAOYSA-N	C15H26O3
C=CC(=O)OCCCCCCCCCCC1CO1	22415915	YJCGNUVWQBJLTM-UHFFFAOYSA-N	C15H26O3
C/C(=C\C=C)/CC=O.C1CCOC1.C1CCOC1	88484493	PLOQLEIGZPMVHR-RDRKJGRWSA-N	C15H26O3
C[C@]12CCC[C@H]1[C@@H](OC3([C@@]2(CCCC3)C)O)OC	10562915	YZQXJDXHPSMJNT-DRWKLNATSA-N	C15H26O3
C[C@H]1CC[C@@H]([C@@H](C2=C[C@](C[C@@H]12)(C)CO)CO)CO	46872469	CXRTZNIGUJLOOU-CUZKYEQNSA-N	C15H26O3
CCOC(C[C@H]1C[C@@H]2CC[C@@]1(C=C2)OC)OCC	98557749	KPBRKGSARDMUIS-GZBFAFLISA-N	C15H26O3
CCCC(C#CC1C(CC(CC1(C)O)O)(C)C)O	15713916	XWDDEKZWWKMUQT-UHFFFAOYSA-N	C15H26O3
C[C@@]12C[C@H]3COC([C@H]3[C@@]1(C(CC[C@H]2O)(C)C)C)O	101227163	HBXWBEZMEVVSHN-SCYIESDPSA-N	C15H26O3
CCCCCC[C@H]1[C@@H](CC(=O)O1)C(=O)CCCC	131863918	YJDORJAYLMIADK-JSGCOSHPSA-N	C15H26O3
CCC1(CCCCCCCCCCC1=O)C(=O)O	21269599	ACZYJKCWYOATKX-UHFFFAOYSA-N	C15H26O3
CCC1CCC(C1)(C2CCCC(C2)OC)C(=O)O	79428675	CSQLWVSZXJSUON-UHFFFAOYSA-N	C15H26O3
C[C@]1(CC[C@H](C(O1)(C)C)O)C[C@H]2CCC(=C)[C@@H]2O	66553479	CMTHBYGVQAJJQT-CXTNEJHOSA-N	C15H26O3
CC1=CC(=O)[C@@H](CC1)[C@H](C)CC[C@@H](C(C)(C)O)O	139586090	KOOTZWUPIKLCIN-DYEKYZERSA-N	C15H26O3
CC(CCC=C(C)C)CCOC(=O)CCC(=O)C	134284738	WRVGQQPREILORD-UHFFFAOYSA-N	C15H26O3
CCC(C(=O)C1CCC(CC1)C(C)C)C(=O)OC	65425755	WFMIHJUTXARGKS-UHFFFAOYSA-N	C15H26O3
CC12CC(C(C[C@@H]1OC(C)(C)C)C(C2)(C=C)O)O	102159215	ZVGQEZAYJXSEFK-MJBFILCRSA-N	C15H26O3
C[C@@H]1CC[C@]23C1C[C@@H]([C@]2([C@@H]([C@]([C@H]3C)(C)O)O)C)O	101615181	VCQXSNIVYQGRQU-OPVPXNHASA-N	C15H26O3
CC(=C)C(=O)OCCCCC1CCC(CC1)CO	139896768	KTUBULSRHOVLKI-UHFFFAOYSA-N	C15H26O3
C/C/1=C\[C@H](C/C(=C/[C@@H]([C@@H](CC1)[C@H](C)CO)O)/C)O	10634720	UYYRKGKEJKOKEQ-ODTOWVSMSA-N	C15H26O3
C1CC(C2(C1)OCCO2)C/C=C/CCCCCO	23265317	SIYJAALLPWZNSA-HWKANZROSA-N	C15H26O3
C[C@]12CCCC([C@@H]1CC[C@@H]([C@H]2C(=O)OC)O)(C)C	101048557	PNORERWVNDPBJT-ASHKBJFXSA-N	C15H26O3
CC.COC(CCCC1=CC=CC=C1CO)CO	142437664	UMSLIYWZYFHFNQ-UHFFFAOYSA-N	C15H26O3
COCC1CCC(CC1)C2CCC(CC2)C(=O)O	19899712	HYYPJDROBJCKRW-UHFFFAOYSA-N	C15H26O3
CCCCCCC(=O)OCC1CC2C(O2)CC1C	141013525	HGAMQUSWBXCRMS-UHFFFAOYSA-N	C15H26O3
C1CCC[C@@H](/C=C\CCCCOC(=O)CCC1)O	15522371	IDABRAURBSCUPD-JOHMGYAOSA-N	C15H26O3
C[C@@]1(CC[C@@H]2[C@H](CC2(C)C)[C@]3(CC[C@H]1O)CO3)O	10015193	SVOCNODFKUMEIY-MIBAYGRRSA-N	C15H26O3
CCCCC#C[C@H](CCCOC1CCCCO1)O	16069773	LUBVIFDTDBPXJS-GICMACPYSA-N	C15H26O3
C=COCCCCCCCCCCC(=O)OC=C	154175820	QUHKSMYPDBYITE-UHFFFAOYSA-N	C15H26O3
CCCC[C@@]1(C=C[C@H](C(O1)(C)C)C(=O)OCC)C	101414731	RUFNKMCQLKKJHM-SWLSCSKDSA-N	C15H26O3
CC(CCC(=O)C1CCOC2(C1)CCCC2)OC	113682799	GQNCDQZZSRCAON-UHFFFAOYSA-N	C15H26O3
CC1(CCC(CC1)(CC2CCCCO2)C(=O)O)C	79428835	ASGQXYOKEJKCQR-UHFFFAOYSA-N	C15H26O3
C1CCCCC(CCC1)C2(OCCO2)CCC=O	134199837	HURWVBVLXXMGGB-UHFFFAOYSA-N	C15H26O3
CCC(CC)(C1([C@H]2[C@@H]1CCCC2)C(=O)OCC)O	102033982	QCZJONFICAAWJZ-ODOQXGPZSA-N	C15H26O3
